DAY,WS01,WS02,WS03,WS04,WS05,WS06,WS07,WS08,WS09,WS10,WS11,WS12,WS13,WS14,WS15,WS16,WS17,WS18,WS19,WS20,WS21,WS22,WS23,WS24,WS25,WS26,WS27,WS28,WS29,WS30,WS31,WS32,WS33,WS34,WS35,WS36
1,398.0,297.0,476.0,352.0,557.0,519.0,311.0,265.0,471.0,475.0,460.0,501.0,375.0,437.0,346.0,375.0,302.0,416.0,467.0,208.0,510.0,408.0,354.0,434.0,483.0,198.0,494.0,414.0,438.0,443.0,305.0,299.0,291.0,526.0,402.0,476.0
2,398.0,297.0,476.0,352.0,557.0,519.0,311.0,265.0,471.0,468.0,460.0,501.0,375.0,437.0,346.0,375.0,302.0,416.0,467.0,208.0,510.0,407.0,354.0,434.0,483.0,198.0,494.0,414.0,438.0,443.0,305.0,299.0,291.0,461.0,402.0,476.0
3,398.0,297.0,476.0,320.0,557.0,519.0,311.0,265.0,475.0,468.0,460.0,501.0,375.0,437.0,346.0,443.0,302.0,416.0,467.0,208.0,541.0,407.0,354.0,434.0,483.0,198.0,494.0,375.0,438.0,443.0,305.0,299.0,355.0,461.0,402.0,476.0
4,398.0,297.0,475.0,320.0,557.0,519.0,311.0,265.0,475.0,468.0,460.0,501.0,375.0,437.0,384.0,443.0,302.0,416.0,467.0,208.0,541.0,407.0,354.0,434.0,483.0,198.0,452.0,375.0,438.0,443.0,305.0,299.0,355.0,461.0,402.0,476.0
5,398.0,437.0,475.0,320.0,557.0,519.0,311.0,301.0,475.0,468.0,460.0,501.0,375.0,453.0,384.0,443.0,302.0,416.0,467.0,208.0,541.0,407.0,354.0,434.0,483.0,197.0,452.0,375.0,438.0,443.0,305.0,315.0,355.0,461.0,402.0,476.0
6,493.0,437.0,475.0,320.0,557.0,519.0,304.0,301.0,475.0,468.0,460.0,501.0,376.0,453.0,384.0,443.0,302.0,416.0,526.0,208.0,541.0,407.0,354.0,434.0,495.0,197.0,452.0,375.0,438.0,443.0,433.0,315.0,355.0,461.0,402.0,476.0
7,493.0,437.0,475.0,320.0,557.0,511.0,304.0,301.0,475.0,468.0,460.0,506.0,376.0,453.0,384.0,443.0,302.0,409.0,526.0,208.0,541.0,407.0,354.0,498.0,495.0,197.0,452.0,375.0,438.0,476.0,433.0,315.0,355.0,461.0,402.0,469.0
8,493.0,437.0,475.0,320.0,548.0,511.0,304.0,301.0,475.0,468.0,426.0,506.0,376.0,453.0,384.0,443.0,325.0,409.0,526.0,208.0,541.0,407.0,325.0,498.0,495.0,197.0,452.0,375.0,431.0,476.0,433.0,315.0,355.0,461.0,387.0,469.0
9,493.0,437.0,475.0,320.0,548.0,511.0,304.0,301.0,475.0,467.0,426.0,506.0,376.0,453.0,384.0,443.0,325.0,409.0,526.0,208.0,541.0,464.0,325.0,498.0,495.0,197.0,452.0,375.0,431.0,476.0,433.0,315.0,355.0,452.0,387.0,469.0
10,493.0,437.0,475.0,409.0,548.0,511.0,304.0,301.0,470.0,467.0,426.0,506.0,376.0,453.0,384.0,509.0,325.0,409.0,526.0,208.0,551.0,464.0,325.0,498.0,495.0,197.0,452.0,395.0,431.0,476.0,433.0,315.0,314.0,452.0,387.0,469.0
11,493.0,437.0,444.0,409.0,548.0,511.0,304.0,301.0,470.0,467.0,426.0,506.0,376.0,453.0,426.0,509.0,325.0,409.0,526.0,208.0,551.0,464.0,325.0,498.0,495.0,197.0,406.0,395.0,431.0,476.0,433.0,315.0,314.0,452.0,387.0,469.0
12,493.0,504.0,444.0,409.0,548.0,511.0,304.0,324.0,470.0,467.0,426.0,506.0,376.0,533.0,426.0,509.0,325.0,409.0,526.0,218.0,551.0,464.0,325.0,498.0,495.0,196.0,406.0,395.0,431.0,476.0,433.0,414.0,314.0,452.0,387.0,469.0
13,516.0,504.0,444.0,409.0,548.0,511.0,330.0,324.0,470.0,467.0,426.0,506.0,411.0,533.0,426.0,509.0,325.0,409.0,482.0,218.0,551.0,464.0,325.0,498.0,500.0,196.0,406.0,395.0,431.0,476.0,511.0,414.0,314.0,452.0,387.0,469.0
14,516.0,504.0,444.0,409.0,548.0,493.0,330.0,324.0,470.0,467.0,426.0,515.0,411.0,533.0,426.0,509.0,325.0,406.0,482.0,218.0,551.0,464.0,325.0,548.0,500.0,196.0,406.0,395.0,431.0,450.0,511.0,414.0,314.0,452.0,387.0,464.0
15,516.0,504.0,444.0,409.0,496.0,493.0,330.0,324.0,470.0,467.0,426.0,515.0,411.0,533.0,426.0,509.0,300.0,406.0,482.0,218.0,551.0,464.0,296.0,548.0,500.0,196.0,406.0,395.0,452.0,450.0,511.0,414.0,314.0,452.0,339.0,464.0
16,516.0,504.0,444.0,409.0,496.0,493.0,330.0,324.0,470.0,471.0,426.0,515.0,411.0,533.0,426.0,509.0,300.0,406.0,482.0,218.0,551.0,404.0,296.0,548.0,500.0,196.0,406.0,395.0,452.0,450.0,511.0,414.0,314.0,449.0,339.0,464.0
17,516.0,504.0,444.0,331.0,496.0,493.0,330.0,324.0,471.0,471.0,426.0,515.0,411.0,533.0,426.0,509.0,300.0,406.0,482.0,218.0,555.0,404.0,296.0,548.0,500.0,196.0,406.0,388.0,452.0,450.0,511.0,414.0,343.0,449.0,339.0,464.0
18,516.0,504.0,430.0,331.0,496.0,493.0,330.0,324.0,471.0,471.0,426.0,515.0,411.0,533.0,496.0,509.0,300.0,406.0,482.0,218.0,555.0,404.0,296.0,548.0,500.0,196.0,391.0,388.0,452.0,450.0,511.0,414.0,343.0,449.0,339.0,464.0
19,516.0,467.0,430.0,331.0,496.0,493.0,330.0,315.0,471.0,471.0,426.0,515.0,411.0,464.0,496.0,509.0,300.0,406.0,482.0,222.0,555.0,404.0,296.0,548.0,500.0,203.0,391.0,388.0,452.0,450.0,511.0,370.0,343.0,449.0,339.0,464.0
20,497.0,467.0,430.0,331.0,496.0,493.0,502.0,315.0,471.0,471.0,426.0,515.0,418.0,464.0,496.0,509.0,300.0,406.0,438.0,222.0,555.0,404.0,296.0,548.0,484.0,203.0,391.0,388.0,452.0,450.0,509.0,370.0,343.0,449.0,339.0,464.0
21,497.0,467.0,430.0,331.0,496.0,476.0,502.0,315.0,471.0,471.0,426.0,525.0,418.0,464.0,496.0,509.0,300.0,425.0,438.0,222.0,555.0,404.0,296.0,499.0,484.0,203.0,391.0,388.0,452.0,434.0,509.0,370.0,343.0,449.0,339.0,463.0
22,497.0,467.0,430.0,331.0,438.0,476.0,502.0,315.0,471.0,471.0,439.0,525.0,418.0,464.0,496.0,509.0,315.0,425.0,438.0,222.0,555.0,404.0,310.0,499.0,484.0,203.0,391.0,388.0,413.0,434.0,509.0,370.0,343.0,449.0,356.0,463.0
23,497.0,467.0,430.0,331.0,438.0,476.0,502.0,315.0,471.0,483.0,439.0,525.0,418.0,464.0,496.0,509.0,315.0,425.0,438.0,222.0,555.0,389.0,310.0,499.0,484.0,203.0,391.0,388.0,413.0,434.0,509.0,370.0,343.0,459.0,356.0,463.0
24,497.0,467.0,430.0,305.0,438.0,476.0,502.0,315.0,557.0,483.0,439.0,525.0,418.0,464.0,496.0,471.0,315.0,425.0,438.0,222.0,476.0,389.0,310.0,499.0,484.0,203.0,391.0,354.0,413.0,434.0,509.0,370.0,326.0,459.0,356.0,463.0
25,497.0,467.0,408.0,305.0,438.0,476.0,502.0,315.0,557.0,483.0,439.0,525.0,418.0,464.0,453.0,471.0,315.0,425.0,438.0,222.0,476.0,389.0,310.0,499.0,484.0,203.0,367.0,354.0,413.0,434.0,509.0,370.0,326.0,459.0,356.0,463.0
26,497.0,382.0,408.0,305.0,438.0,476.0,502.0,306.0,557.0,483.0,439.0,525.0,418.0,471.0,453.0,471.0,315.0,425.0,438.0,249.0,476.0,389.0,310.0,499.0,484.0,207.0,367.0,354.0,413.0,434.0,509.0,329.0,326.0,459.0,356.0,463.0
27,466.0,382.0,408.0,305.0,438.0,476.0,486.0,306.0,557.0,483.0,439.0,525.0,431.0,471.0,453.0,471.0,315.0,425.0,424.0,249.0,476.0,389.0,310.0,499.0,421.0,207.0,367.0,354.0,413.0,434.0,520.0,329.0,326.0,459.0,356.0,463.0
28,466.0,382.0,408.0,305.0,438.0,529.0,486.0,306.0,557.0,483.0,439.0,531.0,431.0,471.0,453.0,471.0,315.0,483.0,424.0,249.0,476.0,389.0,310.0,473.0,421.0,207.0,367.0,354.0,413.0,495.0,520.0,329.0,326.0,459.0,356.0,476.0
29,466.0,382.0,408.0,305.0,397.0,529.0,486.0,306.0,557.0,483.0,450.0,531.0,431.0,471.0,453.0,471.0,274.0,483.0,424.0,249.0,476.0,389.0,311.0,473.0,421.0,207.0,367.0,354.0,342.0,495.0,520.0,329.0,326.0,459.0,325.0,476.0
30,466.0,382.0,408.0,305.0,397.0,529.0,486.0,306.0,557.0,492.0,450.0,531.0,431.0,471.0,453.0,471.0,274.0,483.0,424.0,249.0,476.0,401.0,311.0,473.0,421.0,207.0,367.0,354.0,342.0,495.0,520.0,329.0,326.0,478.0,325.0,476.0
31,466.0,382.0,408.0,304.0,397.0,529.0,486.0,306.0,502.0,492.0,450.0,531.0,431.0,471.0,453.0,401.0,274.0,483.0,424.0,249.0,475.0,401.0,311.0,473.0,421.0,207.0,367.0,354.0,342.0,495.0,520.0,329.0,332.0,478.0,325.0,476.0
32,466.0,382.0,422.0,304.0,397.0,529.0,486.0,306.0,502.0,492.0,450.0,531.0,431.0,471.0,448.0,401.0,274.0,483.0,424.0,249.0,475.0,401.0,311.0,473.0,421.0,207.0,515.0,354.0,342.0,495.0,520.0,329.0,332.0,478.0,325.0,476.0
33,466.0,349.0,422.0,304.0,397.0,529.0,486.0,279.0,502.0,492.0,450.0,531.0,431.0,473.0,448.0,401.0,274.0,483.0,424.0,315.0,475.0,401.0,311.0,473.0,421.0,207.0,515.0,354.0,342.0,495.0,520.0,312.0,332.0,478.0,325.0,476.0
34,465.0,349.0,422.0,304.0,397.0,529.0,475.0,279.0,502.0,492.0,450.0,531.0,510.0,473.0,448.0,401.0,274.0,483.0,372.0,315.0,475.0,401.0,311.0,473.0,399.0,207.0,515.0,354.0,342.0,495.0,516.0,312.0,332.0,478.0,325.0,476.0
35,465.0,349.0,422.0,304.0,397.0,527.0,475.0,279.0,502.0,492.0,450.0,530.0,510.0,473.0,448.0,401.0,274.0,524.0,372.0,315.0,475.0,401.0,311.0,475.0,399.0,207.0,515.0,354.0,342.0,489.0,516.0,312.0,332.0,478.0,325.0,475.0
36,465.0,349.0,422.0,304.0,358.0,527.0,475.0,279.0,502.0,492.0,416.0,530.0,510.0,473.0,448.0,401.0,254.0,524.0,372.0,315.0,475.0,401.0,265.0,475.0,399.0,207.0,515.0,354.0,334.0,489.0,516.0,312.0,332.0,478.0,404.0,475.0
37,465.0,349.0,422.0,304.0,358.0,527.0,475.0,279.0,502.0,449.0,416.0,530.0,510.0,473.0,448.0,401.0,254.0,524.0,372.0,315.0,475.0,439.0,265.0,475.0,399.0,207.0,515.0,354.0,334.0,489.0,516.0,312.0,332.0,503.0,404.0,475.0
38,465.0,349.0,422.0,340.0,358.0,527.0,475.0,279.0,460.0,449.0,416.0,530.0,510.0,473.0,448.0,430.0,254.0,524.0,372.0,315.0,471.0,439.0,265.0,475.0,399.0,207.0,515.0,349.0,334.0,489.0,516.0,312.0,326.0,503.0,404.0,475.0
39,465.0,349.0,403.0,340.0,358.0,527.0,475.0,279.0,460.0,449.0,416.0,530.0,510.0,473.0,437.0,430.0,254.0,524.0,372.0,315.0,471.0,439.0,265.0,475.0,399.0,207.0,519.0,349.0,334.0,489.0,516.0,312.0,326.0,503.0,404.0,475.0
40,465.0,373.0,403.0,340.0,358.0,527.0,475.0,281.0,460.0,449.0,416.0,530.0,510.0,463.0,437.0,430.0,254.0,524.0,372.0,499.0,471.0,439.0,265.0,475.0,399.0,208.0,519.0,349.0,334.0,489.0,516.0,298.0,326.0,503.0,404.0,475.0
41,467.0,373.0,403.0,340.0,358.0,527.0,369.0,281.0,460.0,449.0,416.0,530.0,504.0,463.0,437.0,430.0,254.0,524.0,368.0,499.0,471.0,439.0,265.0,475.0,386.0,208.0,519.0,349.0,334.0,489.0,510.0,298.0,326.0,503.0,404.0,475.0
42,467.0,373.0,403.0,340.0,358.0,506.0,369.0,281.0,460.0,449.0,416.0,543.0,504.0,463.0,437.0,430.0,254.0,472.0,368.0,499.0,471.0,439.0,265.0,473.0,386.0,208.0,519.0,349.0,334.0,567.0,510.0,298.0,326.0,503.0,404.0,469.0
43,467.0,373.0,403.0,340.0,323.0,506.0,369.0,281.0,460.0,449.0,422.0,543.0,504.0,463.0,437.0,430.0,224.0,472.0,368.0,499.0,471.0,439.0,228.0,473.0,386.0,208.0,519.0,349.0,336.0,567.0,510.0,298.0,326.0,503.0,421.0,469.0
44,467.0,373.0,403.0,340.0,323.0,506.0,369.0,281.0,460.0,420.0,422.0,543.0,504.0,463.0,437.0,430.0,224.0,472.0,368.0,499.0,471.0,457.0,228.0,473.0,386.0,208.0,519.0,349.0,336.0,567.0,510.0,298.0,326.0,516.0,421.0,469.0
45,467.0,373.0,403.0,312.0,323.0,506.0,369.0,281.0,425.0,420.0,422.0,543.0,504.0,463.0,437.0,400.0,224.0,472.0,368.0,499.0,461.0,457.0,228.0,473.0,386.0,208.0,519.0,363.0,336.0,567.0,510.0,298.0,314.0,516.0,421.0,469.0
46,467.0,373.0,441.0,312.0,323.0,506.0,369.0,281.0,425.0,420.0,422.0,543.0,504.0,463.0,426.0,400.0,224.0,472.0,368.0,499.0,461.0,457.0,228.0,473.0,386.0,208.0,505.0,363.0,336.0,567.0,510.0,298.0,314.0,516.0,421.0,469.0
47,467.0,412.0,441.0,312.0,323.0,506.0,369.0,362.0,425.0,420.0,422.0,543.0,504.0,451.0,426.0,400.0,224.0,472.0,368.0,498.0,461.0,457.0,228.0,473.0,386.0,232.0,505.0,363.0,336.0,567.0,510.0,245.0,314.0,516.0,421.0,469.0
48,392.0,412.0,441.0,312.0,323.0,506.0,317.0,362.0,425.0,420.0,422.0,543.0,513.0,451.0,426.0,400.0,224.0,472.0,373.0,498.0,461.0,457.0,228.0,473.0,339.0,232.0,505.0,363.0,336.0,567.0,512.0,245.0,314.0,516.0,421.0,469.0
49,392.0,412.0,441.0,312.0,323.0,491.0,317.0,362.0,425.0,420.0,422.0,529.0,513.0,451.0,426.0,400.0,224.0,436.0,373.0,498.0,461.0,457.0,228.0,470.0,339.0,232.0,505.0,363.0,336.0,563.0,512.0,245.0,314.0,516.0,421.0,462.0
50,392.0,412.0,441.0,312.0,334.0,491.0,317.0,362.0,425.0,420.0,406.0,529.0,513.0,451.0,426.0,400.0,223.0,436.0,373.0,498.0,461.0,457.0,229.0,470.0,339.0,232.0,505.0,363.0,302.0,563.0,512.0,245.0,314.0,516.0,342.0,462.0
51,392.0,412.0,441.0,312.0,334.0,491.0,317.0,362.0,425.0,425.0,406.0,529.0,513.0,451.0,426.0,400.0,223.0,436.0,373.0,498.0,461.0,491.0,229.0,470.0,339.0,232.0,505.0,363.0,302.0,563.0,512.0,245.0,314.0,528.0,342.0,462.0
52,392.0,412.0,441.0,487.0,334.0,491.0,317.0,362.0,422.0,425.0,406.0,529.0,513.0,451.0,426.0,402.0,223.0,436.0,373.0,498.0,469.0,491.0,229.0,470.0,339.0,232.0,505.0,480.0,302.0,563.0,512.0,245.0,280.0,528.0,342.0,462.0
53,392.0,412.0,398.0,487.0,334.0,491.0,317.0,362.0,422.0,425.0,406.0,529.0,513.0,451.0,390.0,402.0,223.0,436.0,373.0,498.0,469.0,491.0,229.0,470.0,339.0,232.0,481.0,480.0,302.0,563.0,512.0,245.0,280.0,528.0,342.0,462.0
54,392.0,502.0,398.0,487.0,334.0,491.0,317.0,314.0,422.0,425.0,406.0,529.0,513.0,479.0,390.0,402.0,223.0,436.0,373.0,482.0,469.0,491.0,229.0,470.0,339.0,314.0,481.0,480.0,302.0,563.0,512.0,217.0,280.0,528.0,342.0,462.0
55,365.0,502.0,398.0,487.0,334.0,491.0,307.0,314.0,422.0,425.0,406.0,529.0,458.0,479.0,390.0,402.0,223.0,436.0,370.0,482.0,469.0,491.0,229.0,470.0,269.0,314.0,481.0,480.0,302.0,563.0,521.0,217.0,280.0,528.0,342.0,462.0
56,365.0,502.0,398.0,487.0,334.0,526.0,307.0,314.0,422.0,425.0,406.0,458.0,458.0,479.0,390.0,402.0,223.0,403.0,370.0,482.0,469.0,491.0,229.0,447.0,269.0,314.0,481.0,480.0,302.0,553.0,521.0,217.0,280.0,528.0,342.0,475.0
57,365.0,502.0,398.0,487.0,353.0,526.0,307.0,314.0,422.0,425.0,417.0,458.0,458.0,479.0,390.0,402.0,221.0,403.0,370.0,482.0,469.0,491.0,283.0,447.0,269.0,314.0,481.0,480.0,299.0,553.0,521.0,217.0,280.0,528.0,330.0,475.0
58,365.0,502.0,398.0,487.0,353.0,526.0,307.0,314.0,422.0,415.0,417.0,458.0,458.0,479.0,390.0,402.0,221.0,403.0,370.0,482.0,469.0,464.0,283.0,447.0,269.0,314.0,481.0,480.0,299.0,553.0,521.0,217.0,280.0,534.0,330.0,475.0
59,365.0,502.0,398.0,504.0,353.0,526.0,307.0,314.0,416.0,415.0,417.0,458.0,458.0,479.0,390.0,355.0,221.0,403.0,370.0,482.0,478.0,464.0,283.0,447.0,269.0,314.0,481.0,457.0,299.0,553.0,521.0,217.0,282.0,534.0,330.0,475.0
60,365.0,502.0,406.0,504.0,353.0,526.0,307.0,309.0,416.0,415.0,417.0,458.0,458.0,479.0,370.0,355.0,221.0,403.0,370.0,482.0,478.0,464.0,283.0,447.0,269.0,314.0,492.0,457.0,299.0,553.0,521.0,206.0,282.0,534.0,330.0,475.0
61,365.0,506.0,406.0,504.0,353.0,526.0,307.0,309.0,416.0,415.0,417.0,458.0,458.0,525.0,370.0,355.0,221.0,403.0,370.0,482.0,478.0,464.0,283.0,447.0,269.0,280.0,492.0,457.0,299.0,553.0,521.0,206.0,282.0,534.0,330.0,475.0
62,361.0,506.0,406.0,504.0,353.0,526.0,304.0,309.0,416.0,415.0,417.0,432.0,421.0,525.0,370.0,355.0,221.0,403.0,367.0,482.0,478.0,464.0,283.0,423.0,280.0,280.0,492.0,457.0,299.0,553.0,494.0,206.0,282.0,534.0,330.0,476.0
63,361.0,506.0,406.0,504.0,353.0,527.0,304.0,309.0,416.0,415.0,417.0,432.0,421.0,525.0,370.0,355.0,221.0,477.0,367.0,482.0,478.0,464.0,283.0,423.0,280.0,280.0,492.0,457.0,299.0,539.0,494.0,206.0,282.0,534.0,330.0,476.0
64,361.0,506.0,406.0,504.0,386.0,527.0,304.0,309.0,416.0,415.0,420.0,432.0,421.0,525.0,370.0,355.0,219.0,477.0,367.0,482.0,478.0,464.0,277.0,423.0,280.0,280.0,492.0,457.0,273.0,539.0,494.0,206.0,282.0,534.0,334.0,476.0
65,361.0,506.0,406.0,501.0,386.0,527.0,304.0,309.0,416.0,399.0,420.0,432.0,421.0,525.0,370.0,335.0,219.0,477.0,367.0,482.0,478.0,400.0,277.0,423.0,280.0,280.0,492.0,374.0,273.0,539.0,494.0,206.0,282.0,529.0,334.0,476.0
66,361.0,506.0,406.0,501.0,386.0,527.0,304.0,309.0,504.0,399.0,420.0,432.0,421.0,525.0,370.0,335.0,219.0,477.0,367.0,482.0,480.0,400.0,277.0,423.0,280.0,280.0,492.0,374.0,273.0,539.0,494.0,206.0,311.0,529.0,334.0,476.0
67,361.0,506.0,378.0,501.0,386.0,527.0,304.0,271.0,504.0,399.0,420.0,432.0,421.0,525.0,362.0,335.0,219.0,477.0,367.0,498.0,480.0,400.0,277.0,423.0,280.0,280.0,489.0,374.0,273.0,539.0,494.0,204.0,311.0,529.0,334.0,476.0
68,361.0,507.0,378.0,501.0,386.0,527.0,304.0,271.0,504.0,399.0,420.0,432.0,421.0,472.0,362.0,335.0,219.0,477.0,367.0,498.0,480.0,400.0,277.0,423.0,280.0,242.0,489.0,374.0,273.0,539.0,494.0,204.0,311.0,529.0,334.0,476.0
69,446.0,507.0,378.0,501.0,386.0,527.0,322.0,271.0,504.0,399.0,420.0,421.0,335.0,472.0,362.0,335.0,219.0,477.0,338.0,498.0,480.0,400.0,277.0,399.0,298.0,242.0,489.0,374.0,273.0,539.0,464.0,204.0,311.0,529.0,334.0,473.0
70,446.0,507.0,378.0,501.0,386.0,480.0,322.0,271.0,504.0,399.0,420.0,421.0,335.0,472.0,362.0,335.0,219.0,523.0,338.0,498.0,480.0,400.0,277.0,399.0,298.0,242.0,489.0,374.0,273.0,496.0,464.0,204.0,311.0,529.0,334.0,473.0
71,446.0,507.0,378.0,501.0,337.0,480.0,322.0,271.0,504.0,399.0,406.0,421.0,335.0,472.0,362.0,335.0,216.0,523.0,338.0,498.0,480.0,400.0,313.0,399.0,298.0,242.0,489.0,374.0,281.0,496.0,464.0,204.0,311.0,529.0,334.0,473.0
72,446.0,507.0,378.0,467.0,337.0,480.0,322.0,271.0,504.0,381.0,406.0,421.0,335.0,472.0,362.0,334.0,216.0,523.0,338.0,498.0,480.0,413.0,313.0,399.0,298.0,242.0,489.0,369.0,281.0,496.0,464.0,204.0,311.0,490.0,334.0,473.0
73,446.0,507.0,378.0,467.0,337.0,480.0,322.0,271.0,489.0,381.0,406.0,421.0,335.0,472.0,362.0,334.0,216.0,523.0,338.0,498.0,486.0,413.0,313.0,399.0,298.0,242.0,489.0,369.0,281.0,496.0,464.0,204.0,314.0,490.0,334.0,473.0
74,446.0,507.0,380.0,467.0,337.0,480.0,322.0,256.0,489.0,381.0,406.0,421.0,335.0,472.0,358.0,334.0,216.0,523.0,338.0,491.0,486.0,413.0,313.0,399.0,298.0,242.0,492.0,369.0,281.0,496.0,464.0,217.0,314.0,490.0,334.0,473.0
75,446.0,505.0,380.0,467.0,337.0,480.0,322.0,256.0,489.0,381.0,406.0,421.0,335.0,463.0,358.0,334.0,216.0,523.0,338.0,491.0,486.0,413.0,313.0,399.0,298.0,208.0,492.0,369.0,281.0,496.0,464.0,217.0,314.0,490.0,334.0,473.0
76,448.0,505.0,380.0,467.0,337.0,480.0,308.0,256.0,489.0,381.0,406.0,426.0,325.0,463.0,358.0,334.0,216.0,523.0,305.0,491.0,486.0,413.0,313.0,387.0,297.0,208.0,492.0,369.0,281.0,496.0,451.0,217.0,314.0,490.0,334.0,482.0
77,448.0,505.0,380.0,467.0,337.0,491.0,308.0,256.0,489.0,381.0,406.0,426.0,325.0,463.0,358.0,334.0,216.0,510.0,305.0,491.0,486.0,413.0,313.0,387.0,297.0,208.0,492.0,369.0,281.0,492.0,451.0,217.0,314.0,490.0,334.0,482.0
78,448.0,505.0,380.0,467.0,317.0,491.0,308.0,256.0,489.0,381.0,361.0,426.0,325.0,463.0,358.0,334.0,211.0,510.0,305.0,491.0,486.0,413.0,308.0,387.0,297.0,208.0,492.0,369.0,263.0,492.0,451.0,217.0,314.0,490.0,285.0,482.0
79,448.0,505.0,380.0,421.0,317.0,491.0,308.0,256.0,489.0,383.0,361.0,426.0,325.0,463.0,358.0,363.0,211.0,510.0,305.0,491.0,486.0,431.0,308.0,387.0,297.0,208.0,492.0,351.0,263.0,492.0,451.0,217.0,314.0,437.0,285.0,482.0
80,448.0,505.0,380.0,421.0,317.0,491.0,308.0,256.0,478.0,383.0,361.0,426.0,325.0,463.0,358.0,363.0,211.0,510.0,305.0,491.0,484.0,431.0,308.0,387.0,297.0,208.0,492.0,351.0,263.0,492.0,451.0,217.0,423.0,437.0,285.0,482.0
81,448.0,505.0,330.0,421.0,317.0,491.0,308.0,219.0,478.0,383.0,361.0,426.0,325.0,463.0,346.0,363.0,211.0,510.0,305.0,427.0,484.0,431.0,308.0,387.0,297.0,208.0,498.0,351.0,263.0,492.0,451.0,223.0,423.0,437.0,285.0,482.0
82,448.0,485.0,330.0,421.0,317.0,491.0,308.0,219.0,478.0,383.0,361.0,426.0,325.0,451.0,346.0,363.0,211.0,510.0,305.0,427.0,484.0,431.0,308.0,387.0,297.0,225.0,498.0,351.0,263.0,492.0,451.0,223.0,423.0,437.0,285.0,482.0
83,423.0,485.0,330.0,421.0,317.0,491.0,267.0,219.0,478.0,383.0,361.0,502.0,295.0,451.0,346.0,363.0,211.0,510.0,278.0,427.0,484.0,431.0,308.0,370.0,299.0,225.0,498.0,351.0,263.0,492.0,438.0,223.0,423.0,437.0,285.0,467.0
84,423.0,485.0,330.0,421.0,317.0,553.0,267.0,219.0,478.0,383.0,361.0,502.0,295.0,451.0,346.0,363.0,211.0,457.0,278.0,427.0,484.0,431.0,308.0,370.0,299.0,225.0,498.0,351.0,263.0,508.0,438.0,223.0,423.0,437.0,285.0,467.0
85,423.0,485.0,330.0,421.0,315.0,553.0,267.0,219.0,478.0,383.0,307.0,502.0,295.0,451.0,346.0,363.0,205.0,457.0,278.0,427.0,484.0,431.0,268.0,370.0,299.0,225.0,498.0,351.0,237.0,508.0,438.0,223.0,423.0,437.0,265.0,467.0
86,423.0,485.0,330.0,370.0,315.0,553.0,267.0,219.0,478.0,324.0,307.0,502.0,295.0,451.0,346.0,357.0,205.0,457.0,278.0,427.0,484.0,391.0,268.0,370.0,299.0,225.0,498.0,326.0,237.0,508.0,438.0,223.0,423.0,440.0,265.0,467.0
87,423.0,485.0,330.0,370.0,315.0,553.0,267.0,219.0,402.0,324.0,307.0,502.0,295.0,451.0,346.0,357.0,205.0,457.0,278.0,427.0,419.0,391.0,268.0,370.0,299.0,225.0,498.0,326.0,237.0,508.0,438.0,223.0,432.0,440.0,265.0,467.0
88,423.0,485.0,360.0,370.0,315.0,553.0,267.0,199.0,402.0,324.0,307.0,502.0,295.0,451.0,298.0,357.0,205.0,457.0,278.0,353.0,419.0,391.0,268.0,370.0,299.0,225.0,522.0,326.0,237.0,508.0,438.0,288.0,432.0,440.0,265.0,467.0
89,423.0,429.0,360.0,370.0,315.0,553.0,267.0,199.0,402.0,324.0,307.0,502.0,295.0,434.0,298.0,357.0,205.0,457.0,278.0,353.0,419.0,391.0,268.0,370.0,299.0,208.0,522.0,326.0,237.0,508.0,438.0,288.0,432.0,440.0,265.0,467.0
90,413.0,429.0,360.0,370.0,315.0,553.0,293.0,199.0,402.0,324.0,307.0,472.0,280.0,434.0,298.0,357.0,205.0,457.0,251.0,353.0,419.0,391.0,268.0,352.0,258.0,208.0,522.0,326.0,237.0,508.0,423.0,288.0,432.0,440.0,265.0,441.0
91,413.0,429.0,360.0,370.0,315.0,521.0,293.0,199.0,402.0,324.0,307.0,472.0,280.0,434.0,298.0,357.0,205.0,454.0,251.0,353.0,419.0,391.0,268.0,352.0,258.0,208.0,522.0,326.0,237.0,558.0,423.0,288.0,432.0,440.0,265.0,441.0
92,413.0,429.0,360.0,370.0,303.0,521.0,293.0,199.0,402.0,324.0,321.0,472.0,280.0,434.0,298.0,357.0,196.0,454.0,251.0,353.0,419.0,391.0,247.0,352.0,258.0,208.0,522.0,326.0,197.0,558.0,423.0,288.0,432.0,440.0,219.0,441.0
93,413.0,429.0,360.0,360.0,303.0,521.0,293.0,199.0,402.0,293.0,321.0,472.0,280.0,434.0,298.0,348.0,196.0,454.0,251.0,353.0,419.0,342.0,247.0,352.0,258.0,208.0,522.0,329.0,197.0,558.0,423.0,288.0,432.0,375.0,219.0,441.0
94,413.0,429.0,360.0,360.0,303.0,521.0,293.0,199.0,356.0,293.0,321.0,472.0,280.0,434.0,298.0,348.0,196.0,454.0,251.0,353.0,398.0,342.0,247.0,352.0,258.0,208.0,522.0,329.0,197.0,558.0,423.0,288.0,356.0,375.0,219.0,441.0
95,413.0,429.0,352.0,360.0,303.0,521.0,293.0,193.0,356.0,293.0,321.0,472.0,280.0,434.0,266.0,348.0,196.0,454.0,251.0,312.0,398.0,342.0,247.0,352.0,258.0,208.0,494.0,329.0,197.0,558.0,423.0,229.0,356.0,375.0,219.0,441.0
96,413.0,398.0,352.0,360.0,303.0,521.0,293.0,193.0,356.0,293.0,321.0,472.0,280.0,423.0,266.0,348.0,196.0,454.0,251.0,312.0,398.0,342.0,247.0,352.0,258.0,210.0,494.0,329.0,197.0,558.0,423.0,229.0,356.0,375.0,219.0,441.0
97,337.0,398.0,352.0,360.0,303.0,521.0,267.0,193.0,356.0,293.0,321.0,449.0,278.0,423.0,266.0,348.0,196.0,454.0,251.0,312.0,398.0,342.0,247.0,340.0,248.0,210.0,494.0,329.0,197.0,558.0,416.0,229.0,356.0,375.0,219.0,377.0
98,337.0,398.0,352.0,360.0,303.0,399.0,267.0,193.0,356.0,293.0,321.0,449.0,278.0,423.0,266.0,348.0,196.0,468.0,251.0,312.0,398.0,342.0,247.0,340.0,248.0,210.0,494.0,329.0,197.0,507.0,416.0,229.0,356.0,375.0,219.0,377.0
99,337.0,398.0,352.0,360.0,290.0,399.0,267.0,193.0,356.0,293.0,347.0,449.0,278.0,423.0,266.0,348.0,165.0,468.0,251.0,312.0,398.0,342.0,252.0,340.0,248.0,210.0,494.0,329.0,178.0,507.0,416.0,229.0,356.0,375.0,214.0,377.0
100,337.0,398.0,352.0,326.0,290.0,399.0,267.0,193.0,356.0,294.0,347.0,449.0,278.0,423.0,266.0,305.0,165.0,468.0,251.0,312.0,398.0,335.0,252.0,340.0,248.0,210.0,494.0,412.0,178.0,507.0,416.0,229.0,356.0,335.0,214.0,377.0
101,337.0,398.0,352.0,326.0,290.0,399.0,267.0,193.0,299.0,294.0,347.0,449.0,278.0,423.0,266.0,305.0,165.0,468.0,251.0,312.0,413.0,335.0,252.0,340.0,248.0,210.0,494.0,412.0,178.0,507.0,416.0,229.0,271.0,335.0,214.0,377.0
102,337.0,398.0,374.0,326.0,290.0,399.0,267.0,180.0,299.0,294.0,347.0,449.0,278.0,423.0,259.0,305.0,165.0,468.0,251.0,324.0,413.0,335.0,252.0,340.0,248.0,210.0,477.0,412.0,178.0,507.0,416.0,223.0,271.0,335.0,214.0,377.0
103,337.0,318.0,374.0,326.0,290.0,399.0,267.0,180.0,299.0,294.0,347.0,449.0,278.0,400.0,259.0,305.0,165.0,468.0,251.0,324.0,413.0,335.0,252.0,340.0,248.0,208.0,477.0,412.0,178.0,507.0,416.0,223.0,271.0,335.0,214.0,377.0
104,283.0,318.0,374.0,326.0,290.0,399.0,242.0,180.0,299.0,294.0,347.0,360.0,286.0,400.0,259.0,305.0,165.0,468.0,217.0,324.0,413.0,335.0,252.0,343.0,227.0,208.0,477.0,412.0,178.0,507.0,427.0,223.0,271.0,335.0,214.0,332.0
105,283.0,318.0,374.0,326.0,290.0,321.0,242.0,180.0,299.0,294.0,347.0,360.0,286.0,400.0,259.0,305.0,165.0,369.0,217.0,324.0,413.0,335.0,252.0,343.0,227.0,208.0,477.0,412.0,178.0,440.0,427.0,223.0,271.0,335.0,214.0,332.0
106,283.0,318.0,374.0,326.0,314.0,321.0,242.0,180.0,299.0,294.0,326.0,360.0,286.0,400.0,259.0,305.0,160.0,369.0,217.0,324.0,413.0,335.0,248.0,343.0,227.0,208.0,477.0,412.0,168.0,440.0,427.0,223.0,271.0,335.0,231.0,332.0
107,283.0,318.0,374.0,350.0,314.0,321.0,242.0,180.0,299.0,305.0,326.0,360.0,286.0,400.0,259.0,272.0,160.0,369.0,217.0,324.0,413.0,377.0,248.0,343.0,227.0,208.0,477.0,335.0,168.0,440.0,427.0,223.0,271.0,332.0,231.0,332.0
108,283.0,318.0,374.0,350.0,314.0,321.0,242.0,180.0,289.0,305.0,326.0,360.0,286.0,400.0,259.0,272.0,160.0,369.0,217.0,324.0,423.0,377.0,248.0,343.0,227.0,208.0,477.0,335.0,168.0,440.0,427.0,223.0,227.0,332.0,231.0,332.0
109,283.0,318.0,423.0,350.0,314.0,321.0,242.0,221.0,289.0,305.0,326.0,360.0,286.0,400.0,257.0,272.0,160.0,369.0,217.0,337.0,423.0,377.0,248.0,343.0,227.0,208.0,467.0,335.0,168.0,440.0,427.0,260.0,227.0,332.0,231.0,332.0
110,283.0,282.0,423.0,350.0,314.0,321.0,242.0,221.0,289.0,305.0,326.0,360.0,286.0,370.0,257.0,272.0,160.0,369.0,217.0,337.0,423.0,377.0,248.0,343.0,227.0,241.0,467.0,335.0,168.0,440.0,427.0,260.0,227.0,332.0,231.0,332.0
111,277.0,282.0,423.0,350.0,314.0,321.0,227.0,221.0,289.0,305.0,326.0,327.0,265.0,370.0,257.0,272.0,160.0,369.0,186.0,337.0,423.0,377.0,248.0,327.0,209.0,241.0,467.0,335.0,168.0,440.0,429.0,260.0,227.0,332.0,231.0,314.0
112,277.0,282.0,423.0,350.0,314.0,320.0,227.0,221.0,289.0,305.0,326.0,327.0,265.0,370.0,257.0,272.0,160.0,342.0,186.0,337.0,423.0,377.0,248.0,327.0,209.0,241.0,467.0,335.0,168.0,376.0,429.0,260.0,227.0,332.0,231.0,314.0
113,277.0,282.0,423.0,350.0,339.0,320.0,227.0,221.0,289.0,305.0,275.0,327.0,265.0,370.0,257.0,272.0,159.0,342.0,186.0,337.0,423.0,377.0,221.0,327.0,209.0,241.0,467.0,335.0,165.0,376.0,429.0,260.0,227.0,332.0,242.0,314.0
114,277.0,282.0,423.0,442.0,339.0,320.0,227.0,221.0,289.0,262.0,275.0,327.0,265.0,370.0,257.0,243.0,159.0,342.0,186.0,337.0,423.0,384.0,221.0,327.0,209.0,241.0,467.0,276.0,165.0,376.0,429.0,260.0,227.0,300.0,242.0,314.0
115,277.0,282.0,423.0,442.0,339.0,320.0,227.0,221.0,288.0,262.0,275.0,327.0,265.0,370.0,257.0,243.0,159.0,342.0,186.0,337.0,392.0,384.0,221.0,327.0,209.0,241.0,467.0,276.0,165.0,376.0,429.0,260.0,206.0,300.0,242.0,314.0
116,277.0,282.0,325.0,442.0,339.0,320.0,227.0,238.0,288.0,262.0,275.0,327.0,265.0,370.0,266.0,243.0,159.0,342.0,186.0,305.0,392.0,384.0,221.0,327.0,209.0,241.0,412.0,276.0,165.0,376.0,429.0,255.0,206.0,300.0,242.0,314.0
117,277.0,257.0,325.0,442.0,339.0,320.0,227.0,238.0,288.0,262.0,275.0,327.0,265.0,342.0,266.0,243.0,159.0,342.0,186.0,305.0,392.0,384.0,221.0,327.0,209.0,222.0,412.0,276.0,165.0,376.0,429.0,255.0,206.0,300.0,242.0,314.0
118,289.0,257.0,325.0,442.0,339.0,320.0,187.0,238.0,288.0,262.0,275.0,354.0,256.0,342.0,266.0,243.0,159.0,342.0,174.0,305.0,392.0,384.0,221.0,309.0,187.0,222.0,412.0,276.0,165.0,376.0,505.0,255.0,206.0,300.0,242.0,290.0
119,289.0,257.0,325.0,442.0,339.0,330.0,187.0,238.0,288.0,262.0,275.0,354.0,256.0,342.0,266.0,243.0,159.0,330.0,174.0,305.0,392.0,384.0,221.0,309.0,187.0,222.0,412.0,276.0,165.0,379.0,505.0,255.0,206.0,300.0,242.0,290.0
120,289.0,257.0,325.0,442.0,320.0,330.0,187.0,238.0,288.0,262.0,252.0,354.0,256.0,342.0,266.0,243.0,156.0,330.0,174.0,305.0,392.0,384.0,206.0,309.0,187.0,222.0,412.0,276.0,151.0,379.0,505.0,255.0,206.0,300.0,228.0,290.0
121,289.0,257.0,325.0,347.0,320.0,330.0,187.0,238.0,288.0,227.0,252.0,354.0,256.0,342.0,266.0,241.0,156.0,330.0,174.0,305.0,392.0,390.0,206.0,309.0,187.0,222.0,412.0,280.0,151.0,379.0,505.0,255.0,206.0,298.0,228.0,290.0
122,289.0,257.0,325.0,347.0,320.0,330.0,187.0,238.0,300.0,227.0,252.0,354.0,256.0,342.0,266.0,241.0,156.0,330.0,174.0,305.0,360.0,390.0,206.0,309.0,187.0,222.0,412.0,280.0,151.0,379.0,505.0,255.0,233.0,298.0,228.0,290.0
123,289.0,257.0,367.0,347.0,320.0,330.0,187.0,241.0,300.0,227.0,252.0,354.0,256.0,342.0,283.0,241.0,156.0,330.0,174.0,269.0,360.0,390.0,206.0,309.0,187.0,222.0,379.0,280.0,151.0,379.0,505.0,248.0,233.0,298.0,228.0,290.0
124,289.0,235.0,367.0,347.0,320.0,330.0,187.0,241.0,300.0,227.0,252.0,354.0,256.0,334.0,283.0,241.0,156.0,330.0,174.0,269.0,360.0,390.0,206.0,309.0,187.0,200.0,379.0,280.0,151.0,379.0,505.0,248.0,233.0,298.0,228.0,290.0
125,289.0,235.0,367.0,347.0,320.0,330.0,165.0,241.0,300.0,227.0,252.0,350.0,232.0,334.0,283.0,241.0,156.0,330.0,165.0,269.0,360.0,390.0,206.0,302.0,167.0,200.0,379.0,280.0,151.0,379.0,440.0,248.0,233.0,298.0,228.0,278.0
126,289.0,235.0,367.0,347.0,320.0,308.0,165.0,241.0,300.0,227.0,252.0,350.0,232.0,334.0,283.0,241.0,156.0,293.0,165.0,269.0,360.0,390.0,206.0,302.0,167.0,200.0,379.0,280.0,151.0,421.0,440.0,248.0,233.0,298.0,228.0,278.0
127,289.0,235.0,367.0,347.0,333.0,308.0,165.0,241.0,300.0,227.0,250.0,350.0,232.0,334.0,283.0,241.0,149.0,293.0,165.0,269.0,360.0,390.0,230.0,302.0,167.0,200.0,379.0,280.0,151.0,421.0,440.0,248.0,233.0,298.0,182.0,278.0
128,289.0,235.0,367.0,277.0,333.0,308.0,165.0,241.0,300.0,211.0,250.0,350.0,232.0,334.0,283.0,239.0,149.0,293.0,165.0,269.0,360.0,372.0,230.0,302.0,167.0,200.0,379.0,253.0,151.0,421.0,440.0,248.0,233.0,288.0,182.0,278.0
129,289.0,235.0,367.0,277.0,333.0,308.0,165.0,241.0,290.0,211.0,250.0,350.0,232.0,334.0,283.0,239.0,149.0,293.0,165.0,269.0,332.0,372.0,230.0,302.0,167.0,200.0,379.0,253.0,151.0,421.0,440.0,248.0,236.0,288.0,182.0,278.0
130,289.0,235.0,347.0,277.0,333.0,308.0,165.0,235.0,290.0,211.0,250.0,350.0,232.0,334.0,255.0,239.0,149.0,293.0,165.0,243.0,332.0,372.0,230.0,302.0,167.0,200.0,365.0,253.0,151.0,421.0,440.0,253.0,236.0,288.0,182.0,278.0
131,289.0,233.0,347.0,277.0,333.0,308.0,165.0,235.0,290.0,211.0,250.0,350.0,232.0,326.0,255.0,239.0,149.0,293.0,165.0,243.0,332.0,372.0,230.0,302.0,167.0,187.0,365.0,253.0,151.0,421.0,440.0,253.0,236.0,288.0,182.0,278.0
132,282.0,233.0,347.0,277.0,333.0,308.0,172.0,235.0,290.0,211.0,250.0,337.0,208.0,326.0,255.0,239.0,149.0,293.0,165.0,243.0,332.0,372.0,230.0,264.0,165.0,187.0,365.0,253.0,151.0,421.0,371.0,253.0,236.0,288.0,182.0,269.0
133,282.0,233.0,347.0,277.0,333.0,331.0,172.0,235.0,290.0,211.0,250.0,337.0,208.0,326.0,255.0,239.0,149.0,301.0,165.0,243.0,332.0,372.0,230.0,264.0,165.0,187.0,365.0,253.0,151.0,427.0,371.0,253.0,236.0,288.0,182.0,269.0
134,282.0,233.0,347.0,277.0,335.0,331.0,172.0,235.0,290.0,211.0,237.0,337.0,208.0,326.0,255.0,239.0,142.0,301.0,165.0,243.0,332.0,372.0,241.0,264.0,165.0,187.0,365.0,253.0,142.0,427.0,371.0,253.0,236.0,288.0,212.0,269.0
135,282.0,233.0,347.0,266.0,335.0,331.0,172.0,235.0,290.0,200.0,237.0,337.0,208.0,326.0,255.0,212.0,142.0,301.0,165.0,243.0,332.0,392.0,241.0,264.0,165.0,187.0,365.0,253.0,142.0,427.0,371.0,253.0,236.0,263.0,212.0,269.0
136,282.0,233.0,347.0,266.0,335.0,331.0,172.0,235.0,303.0,200.0,237.0,337.0,208.0,326.0,255.0,212.0,142.0,301.0,165.0,243.0,304.0,392.0,241.0,264.0,165.0,187.0,365.0,253.0,142.0,427.0,371.0,253.0,240.0,263.0,212.0,269.0
137,282.0,233.0,388.0,266.0,335.0,331.0,172.0,242.0,303.0,200.0,237.0,337.0,208.0,326.0,239.0,212.0,142.0,301.0,165.0,220.0,304.0,392.0,241.0,264.0,165.0,187.0,342.0,253.0,142.0,427.0,371.0,235.0,240.0,263.0,212.0,269.0
138,282.0,294.0,388.0,266.0,335.0,331.0,172.0,242.0,303.0,200.0,237.0,337.0,208.0,286.0,239.0,212.0,142.0,301.0,165.0,220.0,304.0,392.0,241.0,264.0,165.0,201.0,342.0,253.0,142.0,427.0,371.0,235.0,240.0,263.0,212.0,269.0
139,274.0,294.0,388.0,266.0,335.0,331.0,172.0,242.0,303.0,200.0,237.0,335.0,193.0,286.0,239.0,212.0,142.0,301.0,149.0,220.0,304.0,392.0,241.0,248.0,200.0,201.0,342.0,253.0,142.0,427.0,359.0,235.0,240.0,263.0,212.0,275.0
140,274.0,294.0,388.0,266.0,335.0,330.0,172.0,242.0,303.0,200.0,237.0,335.0,193.0,286.0,239.0,212.0,142.0,299.0,149.0,220.0,304.0,392.0,241.0,248.0,200.0,201.0,342.0,253.0,142.0,414.0,359.0,235.0,240.0,263.0,212.0,275.0
141,274.0,294.0,388.0,266.0,299.0,330.0,172.0,242.0,303.0,200.0,279.0,335.0,193.0,286.0,239.0,212.0,137.0,299.0,149.0,220.0,304.0,392.0,243.0,248.0,200.0,201.0,342.0,253.0,137.0,414.0,359.0,235.0,240.0,263.0,247.0,275.0
142,274.0,294.0,388.0,242.0,299.0,330.0,172.0,242.0,303.0,193.0,279.0,335.0,193.0,286.0,239.0,207.0,137.0,299.0,149.0,220.0,304.0,343.0,243.0,248.0,200.0,201.0,342.0,253.0,137.0,414.0,359.0,235.0,240.0,271.0,247.0,275.0
143,274.0,294.0,388.0,242.0,299.0,330.0,172.0,242.0,326.0,193.0,279.0,335.0,193.0,286.0,239.0,207.0,137.0,299.0,149.0,220.0,278.0,343.0,243.0,248.0,200.0,201.0,342.0,253.0,137.0,414.0,359.0,235.0,218.0,271.0,247.0,275.0
144,274.0,294.0,423.0,242.0,299.0,330.0,172.0,239.0,326.0,193.0,279.0,335.0,193.0,286.0,208.0,207.0,137.0,299.0,149.0,222.0,278.0,343.0,243.0,248.0,200.0,201.0,314.0,253.0,137.0,414.0,359.0,212.0,218.0,271.0,247.0,275.0
145,274.0,350.0,423.0,242.0,299.0,330.0,172.0,239.0,326.0,193.0,279.0,335.0,193.0,281.0,208.0,207.0,137.0,299.0,149.0,222.0,278.0,343.0,243.0,248.0,200.0,183.0,314.0,253.0,137.0,414.0,359.0,212.0,218.0,271.0,247.0,275.0
146,274.0,350.0,423.0,242.0,299.0,330.0,174.0,239.0,326.0,193.0,279.0,314.0,182.0,281.0,208.0,207.0,137.0,299.0,142.0,222.0,278.0,343.0,243.0,241.0,185.0,183.0,314.0,253.0,137.0,414.0,360.0,212.0,218.0,271.0,247.0,284.0
147,274.0,350.0,423.0,242.0,299.0,327.0,174.0,239.0,326.0,193.0,279.0,314.0,182.0,281.0,208.0,207.0,137.0,298.0,142.0,222.0,278.0,343.0,243.0,241.0,185.0,183.0,314.0,253.0,137.0,412.0,360.0,212.0,218.0,271.0,247.0,284.0
148,274.0,350.0,423.0,242.0,250.0,327.0,174.0,239.0,326.0,193.0,260.0,314.0,182.0,281.0,208.0,207.0,137.0,298.0,142.0,222.0,278.0,343.0,249.0,241.0,185.0,183.0,314.0,253.0,136.0,412.0,360.0,212.0,218.0,271.0,244.0,284.0
149,274.0,350.0,423.0,207.0,250.0,327.0,174.0,239.0,326.0,185.0,260.0,314.0,182.0,281.0,208.0,243.0,137.0,298.0,142.0,222.0,278.0,326.0,249.0,241.0,185.0,183.0,314.0,250.0,136.0,412.0,360.0,212.0,218.0,316.0,244.0,284.0
150,274.0,350.0,423.0,207.0,250.0,327.0,174.0,239.0,319.0,185.0,260.0,314.0,182.0,281.0,208.0,243.0,137.0,298.0,142.0,222.0,268.0,326.0,249.0,241.0,185.0,183.0,314.0,250.0,136.0,412.0,360.0,212.0,200.0,316.0,244.0,284.0
151,274.0,350.0,417.0,207.0,250.0,327.0,174.0,227.0,319.0,185.0,260.0,314.0,182.0,281.0,192.0,243.0,137.0,298.0,142.0,207.0,268.0,326.0,249.0,241.0,185.0,183.0,276.0,250.0,136.0,412.0,360.0,215.0,200.0,316.0,244.0,284.0
152,274.0,352.0,417.0,207.0,250.0,327.0,174.0,227.0,319.0,185.0,260.0,314.0,182.0,295.0,192.0,243.0,137.0,298.0,142.0,207.0,268.0,326.0,249.0,241.0,185.0,221.0,276.0,250.0,136.0,412.0,360.0,215.0,200.0,316.0,244.0,284.0
153,264.0,352.0,417.0,207.0,250.0,327.0,167.0,227.0,319.0,185.0,260.0,311.0,176.0,295.0,192.0,243.0,137.0,298.0,137.0,207.0,268.0,326.0,249.0,245.0,181.0,221.0,276.0,250.0,136.0,412.0,365.0,215.0,200.0,316.0,244.0,270.0
154,264.0,352.0,417.0,207.0,250.0,305.0,167.0,227.0,319.0,185.0,260.0,311.0,176.0,295.0,192.0,243.0,137.0,288.0,137.0,207.0,268.0,326.0,249.0,245.0,181.0,221.0,276.0,250.0,136.0,379.0,365.0,215.0,200.0,316.0,244.0,270.0
155,264.0,352.0,417.0,207.0,238.0,305.0,167.0,227.0,319.0,185.0,245.0,311.0,176.0,295.0,192.0,243.0,133.0,288.0,137.0,207.0,268.0,326.0,235.0,245.0,181.0,221.0,276.0,250.0,135.0,379.0,365.0,215.0,200.0,316.0,222.0,270.0
156,264.0,352.0,417.0,232.0,238.0,305.0,167.0,227.0,319.0,181.0,245.0,311.0,176.0,295.0,192.0,246.0,133.0,288.0,137.0,207.0,268.0,327.0,235.0,245.0,181.0,221.0,276.0,236.0,135.0,379.0,365.0,215.0,200.0,309.0,222.0,270.0
157,264.0,352.0,417.0,232.0,238.0,305.0,167.0,227.0,347.0,181.0,245.0,311.0,176.0,295.0,192.0,246.0,133.0,288.0,137.0,207.0,279.0,327.0,235.0,245.0,181.0,221.0,276.0,236.0,135.0,379.0,365.0,215.0,195.0,309.0,222.0,270.0
158,264.0,352.0,411.0,232.0,238.0,305.0,167.0,213.0,347.0,181.0,245.0,311.0,176.0,295.0,198.0,246.0,133.0,288.0,137.0,192.0,279.0,327.0,235.0,245.0,181.0,221.0,289.0,236.0,135.0,379.0,365.0,200.0,195.0,309.0,222.0,270.0
159,264.0,365.0,411.0,232.0,238.0,305.0,167.0,213.0,347.0,181.0,245.0,311.0,176.0,294.0,198.0,246.0,133.0,288.0,137.0,192.0,279.0,327.0,235.0,245.0,181.0,211.0,289.0,236.0,135.0,379.0,365.0,200.0,195.0,309.0,222.0,270.0
160,254.0,365.0,411.0,232.0,238.0,305.0,140.0,213.0,347.0,181.0,245.0,299.0,177.0,294.0,198.0,246.0,133.0,288.0,134.0,192.0,279.0,327.0,235.0,240.0,172.0,211.0,289.0,236.0,135.0,379.0,352.0,200.0,195.0,309.0,222.0,280.0
161,254.0,365.0,411.0,232.0,238.0,288.0,140.0,213.0,347.0,181.0,245.0,299.0,177.0,294.0,198.0,246.0,133.0,315.0,134.0,192.0,279.0,327.0,235.0,240.0,172.0,211.0,289.0,236.0,135.0,336.0,352.0,200.0,195.0,309.0,222.0,280.0
162,254.0,365.0,411.0,232.0,244.0,288.0,140.0,213.0,347.0,181.0,200.0,299.0,177.0,294.0,198.0,246.0,136.0,315.0,134.0,192.0,279.0,327.0,225.0,240.0,172.0,211.0,289.0,236.0,135.0,336.0,352.0,200.0,195.0,309.0,215.0,280.0
163,254.0,365.0,411.0,234.0,244.0,288.0,140.0,213.0,347.0,178.0,200.0,299.0,177.0,294.0,198.0,245.0,136.0,315.0,134.0,192.0,279.0,333.0,225.0,240.0,172.0,211.0,289.0,220.0,135.0,336.0,352.0,200.0,195.0,273.0,215.0,280.0
164,254.0,365.0,411.0,234.0,244.0,288.0,140.0,213.0,360.0,178.0,200.0,299.0,177.0,294.0,198.0,245.0,136.0,315.0,134.0,192.0,233.0,333.0,225.0,240.0,172.0,211.0,289.0,220.0,135.0,336.0,352.0,200.0,199.0,273.0,215.0,280.0
165,254.0,365.0,355.0,234.0,244.0,288.0,140.0,205.0,360.0,178.0,200.0,299.0,177.0,294.0,217.0,245.0,136.0,315.0,134.0,180.0,233.0,333.0,225.0,240.0,172.0,211.0,301.0,220.0,135.0,336.0,352.0,191.0,199.0,273.0,215.0,280.0
166,254.0,348.0,355.0,234.0,244.0,288.0,140.0,205.0,360.0,178.0,200.0,299.0,177.0,286.0,217.0,245.0,136.0,315.0,134.0,180.0,233.0,333.0,225.0,240.0,172.0,202.0,301.0,220.0,135.0,336.0,352.0,191.0,199.0,273.0,215.0,280.0
167,227.0,348.0,355.0,234.0,244.0,288.0,134.0,205.0,360.0,178.0,200.0,283.0,172.0,286.0,217.0,245.0,136.0,315.0,134.0,180.0,233.0,333.0,225.0,254.0,144.0,202.0,301.0,220.0,135.0,336.0,342.0,191.0,199.0,273.0,215.0,266.0
168,227.0,348.0,355.0,234.0,244.0,256.0,134.0,205.0,360.0,178.0,200.0,283.0,172.0,286.0,217.0,245.0,136.0,246.0,134.0,180.0,233.0,333.0,225.0,254.0,144.0,202.0,301.0,220.0,135.0,314.0,342.0,191.0,199.0,273.0,215.0,266.0
169,227.0,348.0,355.0,234.0,237.0,256.0,134.0,205.0,360.0,178.0,182.0,283.0,172.0,286.0,217.0,245.0,134.0,246.0,134.0,180.0,233.0,333.0,196.0,254.0,144.0,202.0,301.0,220.0,138.0,314.0,342.0,191.0,199.0,273.0,184.0,266.0
170,227.0,348.0,355.0,226.0,237.0,256.0,134.0,205.0,360.0,167.0,182.0,283.0,172.0,286.0,217.0,243.0,134.0,246.0,134.0,180.0,233.0,303.0,196.0,254.0,144.0,202.0,301.0,196.0,138.0,314.0,342.0,191.0,199.0,250.0,184.0,266.0
171,227.0,348.0,355.0,226.0,237.0,256.0,134.0,205.0,342.0,167.0,182.0,283.0,172.0,286.0,217.0,243.0,134.0,246.0,134.0,180.0,228.0,303.0,196.0,254.0,144.0,202.0,301.0,196.0,138.0,314.0,342.0,191.0,188.0,250.0,184.0,266.0
172,227.0,348.0,249.0,226.0,237.0,256.0,134.0,192.0,342.0,167.0,182.0,283.0,172.0,286.0,190.0,243.0,134.0,246.0,134.0,179.0,228.0,303.0,196.0,254.0,144.0,202.0,284.0,196.0,138.0,314.0,342.0,190.0,188.0,250.0,184.0,266.0
173,227.0,300.0,249.0,226.0,237.0,256.0,134.0,192.0,342.0,167.0,182.0,283.0,172.0,257.0,190.0,243.0,134.0,246.0,134.0,179.0,228.0,303.0,196.0,254.0,144.0,190.0,284.0,196.0,138.0,314.0,342.0,190.0,188.0,250.0,184.0,266.0
174,232.0,300.0,249.0,226.0,237.0,256.0,151.0,192.0,342.0,167.0,182.0,259.0,166.0,257.0,190.0,243.0,134.0,246.0,132.0,179.0,228.0,303.0,196.0,251.0,139.0,190.0,284.0,196.0,138.0,314.0,318.0,190.0,188.0,250.0,184.0,244.0
175,232.0,300.0,249.0,226.0,237.0,238.0,151.0,192.0,342.0,167.0,182.0,259.0,166.0,257.0,190.0,243.0,134.0,229.0,132.0,179.0,228.0,303.0,196.0,251.0,139.0,190.0,284.0,196.0,138.0,282.0,318.0,190.0,188.0,250.0,184.0,244.0
176,232.0,300.0,249.0,226.0,228.0,238.0,151.0,192.0,342.0,167.0,172.0,259.0,166.0,257.0,190.0,243.0,139.0,229.0,132.0,179.0,228.0,303.0,177.0,251.0,139.0,190.0,284.0,196.0,139.0,282.0,318.0,190.0,188.0,250.0,200.0,244.0
177,232.0,300.0,249.0,204.0,228.0,238.0,151.0,192.0,342.0,141.0,172.0,259.0,166.0,257.0,190.0,314.0,139.0,229.0,132.0,179.0,228.0,254.0,177.0,251.0,139.0,190.0,284.0,188.0,139.0,282.0,318.0,190.0,188.0,247.0,200.0,244.0
178,232.0,300.0,249.0,204.0,228.0,238.0,151.0,192.0,302.0,141.0,172.0,259.0,166.0,257.0,190.0,314.0,139.0,229.0,132.0,179.0,230.0,254.0,177.0,251.0,139.0,190.0,284.0,188.0,139.0,282.0,318.0,190.0,186.0,247.0,200.0,244.0
179,232.0,300.0,216.0,204.0,228.0,238.0,151.0,185.0,302.0,141.0,172.0,259.0,166.0,257.0,179.0,314.0,139.0,229.0,132.0,232.0,230.0,254.0,177.0,251.0,139.0,190.0,254.0,188.0,139.0,282.0,318.0,187.0,186.0,247.0,200.0,244.0
180,232.0,307.0,216.0,204.0,228.0,238.0,151.0,185.0,302.0,141.0,172.0,259.0,166.0,246.0,179.0,314.0,139.0,229.0,132.0,232.0,230.0,254.0,177.0,251.0,139.0,183.0,254.0,188.0,139.0,282.0,318.0,187.0,186.0,247.0,200.0,244.0
181,232.0,307.0,216.0,204.0,228.0,238.0,183.0,185.0,302.0,141.0,172.0,247.0,141.0,246.0,179.0,314.0,139.0,229.0,134.0,232.0,230.0,254.0,177.0,282.0,145.0,183.0,254.0,188.0,139.0,282.0,309.0,187.0,186.0,247.0,200.0,240.0
182,232.0,307.0,216.0,204.0,228.0,229.0,183.0,185.0,302.0,141.0,172.0,247.0,141.0,246.0,179.0,314.0,139.0,227.0,134.0,232.0,230.0,254.0,177.0,282.0,145.0,183.0,254.0,188.0,139.0,256.0,309.0,187.0,186.0,247.0,200.0,240.0
183,232.0,307.0,216.0,204.0,214.0,229.0,183.0,185.0,302.0,141.0,172.0,247.0,141.0,246.0,179.0,314.0,142.0,227.0,134.0,232.0,230.0,254.0,188.0,282.0,145.0,183.0,254.0,188.0,140.0,256.0,309.0,187.0,186.0,247.0,290.0,240.0
184,232.0,307.0,216.0,184.0,214.0,229.0,183.0,185.0,302.0,143.0,172.0,247.0,141.0,246.0,179.0,298.0,142.0,227.0,134.0,232.0,230.0,220.0,188.0,282.0,145.0,183.0,254.0,194.0,140.0,256.0,309.0,187.0,186.0,216.0,290.0,240.0
185,232.0,307.0,216.0,184.0,214.0,229.0,183.0,185.0,252.0,143.0,172.0,247.0,141.0,246.0,179.0,298.0,142.0,227.0,134.0,232.0,241.0,220.0,188.0,282.0,145.0,183.0,254.0,194.0,140.0,256.0,309.0,187.0,191.0,216.0,290.0,240.0
186,232.0,307.0,197.0,184.0,214.0,229.0,183.0,178.0,252.0,143.0,172.0,247.0,141.0,246.0,176.0,298.0,142.0,227.0,134.0,221.0,241.0,220.0,188.0,282.0,145.0,183.0,214.0,194.0,140.0,256.0,309.0,185.0,191.0,216.0,290.0,240.0
187,232.0,283.0,197.0,184.0,214.0,229.0,183.0,178.0,252.0,143.0,172.0,247.0,141.0,231.0,176.0,298.0,142.0,227.0,134.0,221.0,241.0,220.0,188.0,282.0,145.0,178.0,214.0,194.0,140.0,256.0,309.0,185.0,191.0,216.0,290.0,240.0
188,220.0,283.0,197.0,184.0,214.0,229.0,181.0,178.0,252.0,143.0,172.0,242.0,141.0,231.0,176.0,298.0,142.0,227.0,134.0,221.0,241.0,220.0,188.0,283.0,158.0,178.0,214.0,194.0,140.0,256.0,268.0,185.0,191.0,216.0,290.0,231.0
189,220.0,283.0,197.0,184.0,214.0,222.0,181.0,178.0,252.0,143.0,172.0,242.0,141.0,231.0,176.0,298.0,142.0,216.0,134.0,221.0,241.0,220.0,188.0,283.0,158.0,178.0,214.0,194.0,140.0,276.0,268.0,185.0,191.0,216.0,290.0,231.0
190,220.0,283.0,197.0,184.0,205.0,222.0,181.0,178.0,252.0,143.0,178.0,242.0,141.0,231.0,176.0,298.0,149.0,216.0,134.0,221.0,241.0,220.0,189.0,283.0,158.0,178.0,214.0,194.0,139.0,276.0,268.0,185.0,191.0,216.0,291.0,231.0
191,220.0,283.0,197.0,182.0,205.0,222.0,181.0,178.0,252.0,146.0,178.0,242.0,141.0,231.0,176.0,301.0,149.0,216.0,134.0,221.0,241.0,235.0,189.0,283.0,158.0,178.0,214.0,186.0,139.0,276.0,268.0,185.0,191.0,250.0,291.0,231.0
192,220.0,283.0,197.0,182.0,205.0,222.0,181.0,178.0,235.0,146.0,178.0,242.0,141.0,231.0,176.0,301.0,149.0,216.0,134.0,221.0,240.0,235.0,189.0,283.0,158.0,178.0,214.0,186.0,139.0,276.0,268.0,185.0,203.0,250.0,291.0,231.0
193,220.0,283.0,208.0,182.0,205.0,222.0,181.0,176.0,235.0,146.0,178.0,242.0,141.0,231.0,179.0,301.0,149.0,216.0,134.0,277.0,240.0,235.0,189.0,283.0,158.0,178.0,190.0,186.0,139.0,276.0,268.0,186.0,203.0,250.0,291.0,231.0
194,220.0,263.0,208.0,182.0,205.0,222.0,181.0,176.0,235.0,146.0,178.0,242.0,141.0,256.0,179.0,301.0,149.0,216.0,134.0,277.0,240.0,235.0,189.0,283.0,158.0,183.0,190.0,186.0,139.0,276.0,268.0,186.0,203.0,250.0,291.0,231.0
195,223.0,263.0,208.0,182.0,205.0,222.0,166.0,176.0,235.0,146.0,178.0,235.0,139.0,256.0,179.0,301.0,149.0,216.0,133.0,277.0,240.0,235.0,189.0,252.0,176.0,183.0,190.0,186.0,139.0,276.0,256.0,186.0,203.0,250.0,291.0,223.0
196,223.0,263.0,208.0,182.0,205.0,208.0,166.0,176.0,235.0,146.0,178.0,235.0,139.0,256.0,179.0,301.0,149.0,247.0,133.0,277.0,240.0,235.0,189.0,252.0,176.0,183.0,190.0,186.0,139.0,282.0,256.0,186.0,203.0,250.0,291.0,223.0
197,223.0,263.0,208.0,182.0,191.0,208.0,166.0,176.0,235.0,146.0,184.0,235.0,139.0,256.0,179.0,301.0,161.0,247.0,133.0,277.0,240.0,235.0,185.0,252.0,176.0,183.0,190.0,186.0,144.0,282.0,256.0,186.0,203.0,250.0,289.0,223.0
198,223.0,263.0,208.0,180.0,191.0,208.0,166.0,176.0,235.0,152.0,184.0,235.0,139.0,256.0,179.0,299.0,161.0,247.0,133.0,277.0,240.0,226.0,185.0,252.0,176.0,183.0,190.0,175.0,144.0,282.0,256.0,186.0,203.0,254.0,289.0,223.0
199,223.0,263.0,208.0,180.0,191.0,208.0,166.0,176.0,233.0,152.0,184.0,235.0,139.0,256.0,179.0,299.0,161.0,247.0,133.0,277.0,242.0,226.0,185.0,252.0,176.0,183.0,190.0,175.0,144.0,282.0,256.0,186.0,202.0,254.0,289.0,223.0
200,223.0,263.0,189.0,180.0,191.0,208.0,166.0,176.0,233.0,152.0,184.0,235.0,139.0,256.0,165.0,299.0,161.0,247.0,133.0,264.0,242.0,226.0,185.0,252.0,176.0,183.0,177.0,175.0,144.0,282.0,256.0,188.0,202.0,254.0,289.0,223.0
201,223.0,259.0,189.0,180.0,191.0,208.0,166.0,176.0,233.0,152.0,184.0,235.0,139.0,274.0,165.0,299.0,161.0,247.0,133.0,264.0,242.0,226.0,185.0,252.0,176.0,183.0,177.0,175.0,144.0,282.0,256.0,188.0,202.0,254.0,289.0,223.0
202,234.0,259.0,189.0,180.0,191.0,208.0,156.0,176.0,233.0,152.0,184.0,232.0,157.0,274.0,165.0,299.0,161.0,247.0,135.0,264.0,242.0,226.0,185.0,255.0,153.0,183.0,177.0,175.0,144.0,282.0,244.0,188.0,202.0,254.0,289.0,245.0
203,234.0,259.0,189.0,180.0,191.0,170.0,156.0,176.0,233.0,152.0,184.0,232.0,157.0,274.0,165.0,299.0,161.0,272.0,135.0,264.0,242.0,226.0,185.0,255.0,153.0,183.0,177.0,175.0,144.0,274.0,244.0,188.0,202.0,254.0,289.0,245.0
204,234.0,259.0,189.0,180.0,188.0,170.0,156.0,176.0,233.0,152.0,188.0,232.0,157.0,274.0,165.0,299.0,165.0,272.0,135.0,264.0,242.0,226.0,178.0,255.0,153.0,183.0,177.0,175.0,143.0,274.0,244.0,188.0,202.0,254.0,288.0,245.0
205,234.0,259.0,189.0,176.0,188.0,170.0,156.0,176.0,233.0,147.0,188.0,232.0,157.0,274.0,165.0,285.0,165.0,272.0,135.0,264.0,242.0,231.0,178.0,255.0,153.0,183.0,177.0,176.0,143.0,274.0,244.0,188.0,202.0,246.0,288.0,245.0
206,234.0,259.0,189.0,176.0,188.0,170.0,156.0,176.0,277.0,147.0,188.0,232.0,157.0,274.0,165.0,285.0,165.0,272.0,135.0,264.0,233.0,231.0,178.0,255.0,153.0,183.0,177.0,176.0,143.0,274.0,244.0,188.0,199.0,246.0,288.0,245.0
207,234.0,259.0,193.0,176.0,188.0,170.0,156.0,179.0,277.0,147.0,188.0,232.0,157.0,274.0,168.0,285.0,165.0,272.0,135.0,256.0,233.0,231.0,178.0,255.0,153.0,183.0,177.0,176.0,143.0,274.0,244.0,183.0,199.0,246.0,288.0,245.0
208,234.0,254.0,193.0,176.0,188.0,170.0,156.0,179.0,277.0,147.0,188.0,232.0,157.0,282.0,168.0,285.0,165.0,272.0,135.0,256.0,233.0,231.0,178.0,255.0,153.0,186.0,177.0,176.0,143.0,274.0,244.0,183.0,199.0,246.0,288.0,245.0
209,259.0,254.0,193.0,176.0,188.0,170.0,177.0,179.0,277.0,147.0,188.0,228.0,186.0,282.0,168.0,285.0,165.0,272.0,143.0,256.0,233.0,231.0,178.0,249.0,154.0,186.0,177.0,176.0,143.0,274.0,242.0,183.0,199.0,246.0,288.0,249.0
210,259.0,254.0,193.0,176.0,188.0,174.0,177.0,179.0,277.0,147.0,188.0,228.0,186.0,282.0,168.0,285.0,165.0,282.0,143.0,256.0,233.0,231.0,178.0,249.0,154.0,186.0,177.0,176.0,143.0,250.0,242.0,183.0,199.0,246.0,288.0,249.0
211,259.0,254.0,193.0,176.0,192.0,174.0,177.0,179.0,277.0,147.0,184.0,228.0,186.0,282.0,168.0,285.0,169.0,282.0,143.0,256.0,233.0,231.0,174.0,249.0,154.0,186.0,177.0,176.0,142.0,250.0,242.0,183.0,199.0,246.0,283.0,249.0
212,259.0,254.0,193.0,172.0,192.0,174.0,177.0,179.0,277.0,143.0,184.0,228.0,186.0,282.0,168.0,276.0,169.0,282.0,143.0,256.0,233.0,231.0,174.0,249.0,154.0,186.0,177.0,175.0,142.0,250.0,242.0,183.0,199.0,239.0,283.0,249.0
213,259.0,254.0,193.0,172.0,192.0,174.0,177.0,179.0,252.0,143.0,184.0,228.0,186.0,282.0,168.0,276.0,169.0,282.0,143.0,256.0,228.0,231.0,174.0,249.0,154.0,186.0,177.0,175.0,142.0,250.0,242.0,183.0,201.0,239.0,283.0,249.0
214,259.0,254.0,191.0,172.0,192.0,174.0,177.0,226.0,252.0,143.0,184.0,228.0,186.0,282.0,187.0,276.0,169.0,282.0,143.0,244.0,228.0,231.0,174.0,249.0,154.0,186.0,219.0,175.0,142.0,250.0,242.0,154.0,201.0,239.0,283.0,249.0
215,259.0,285.0,191.0,172.0,192.0,174.0,177.0,226.0,252.0,143.0,184.0,228.0,186.0,285.0,187.0,276.0,169.0,282.0,143.0,244.0,228.0,231.0,174.0,249.0,154.0,183.0,219.0,175.0,142.0,250.0,242.0,154.0,201.0,239.0,283.0,249.0
216,220.0,285.0,191.0,172.0,192.0,174.0,180.0,226.0,252.0,143.0,184.0,279.0,191.0,285.0,187.0,276.0,169.0,282.0,147.0,244.0,228.0,231.0,174.0,251.0,173.0,183.0,219.0,175.0,142.0,250.0,237.0,154.0,201.0,239.0,283.0,250.0
217,220.0,285.0,191.0,172.0,192.0,217.0,180.0,226.0,252.0,143.0,184.0,279.0,191.0,285.0,187.0,276.0,169.0,286.0,147.0,244.0,228.0,231.0,174.0,251.0,173.0,183.0,219.0,175.0,142.0,235.0,237.0,154.0,201.0,239.0,283.0,250.0
218,220.0,285.0,191.0,172.0,188.0,217.0,180.0,226.0,252.0,143.0,183.0,279.0,191.0,285.0,187.0,276.0,162.0,286.0,147.0,244.0,228.0,231.0,215.0,251.0,173.0,183.0,219.0,175.0,160.0,235.0,237.0,154.0,201.0,239.0,286.0,250.0
219,220.0,285.0,191.0,181.0,188.0,217.0,180.0,226.0,252.0,155.0,183.0,279.0,191.0,285.0,187.0,273.0,162.0,286.0,147.0,244.0,228.0,226.0,215.0,251.0,173.0,183.0,219.0,188.0,160.0,235.0,237.0,154.0,201.0,240.0,286.0,250.0
220,220.0,285.0,191.0,181.0,188.0,217.0,180.0,226.0,283.0,155.0,183.0,279.0,191.0,285.0,187.0,273.0,162.0,286.0,147.0,244.0,231.0,226.0,215.0,251.0,173.0,183.0,219.0,188.0,160.0,235.0,237.0,154.0,238.0,240.0,286.0,250.0
221,220.0,285.0,233.0,181.0,188.0,217.0,180.0,227.0,283.0,155.0,183.0,279.0,191.0,285.0,190.0,273.0,162.0,286.0,147.0,238.0,231.0,226.0,215.0,251.0,173.0,183.0,212.0,188.0,160.0,235.0,237.0,163.0,238.0,240.0,286.0,250.0
222,220.0,288.0,233.0,181.0,188.0,217.0,180.0,227.0,283.0,155.0,183.0,279.0,191.0,285.0,190.0,273.0,162.0,286.0,147.0,238.0,231.0,226.0,215.0,251.0,173.0,185.0,212.0,188.0,160.0,235.0,237.0,163.0,238.0,240.0,286.0,250.0
223,205.0,288.0,233.0,181.0,188.0,217.0,189.0,227.0,283.0,155.0,183.0,287.0,191.0,285.0,190.0,273.0,162.0,286.0,146.0,238.0,231.0,226.0,215.0,244.0,162.0,185.0,212.0,188.0,160.0,235.0,237.0,163.0,238.0,240.0,286.0,309.0
224,205.0,288.0,233.0,181.0,188.0,255.0,189.0,227.0,283.0,155.0,183.0,287.0,191.0,285.0,190.0,273.0,162.0,289.0,146.0,238.0,231.0,226.0,215.0,244.0,162.0,185.0,212.0,188.0,160.0,223.0,237.0,163.0,238.0,240.0,286.0,309.0
225,205.0,288.0,233.0,181.0,222.0,255.0,189.0,227.0,283.0,155.0,181.0,287.0,191.0,285.0,190.0,273.0,163.0,289.0,146.0,238.0,231.0,226.0,239.0,244.0,162.0,185.0,212.0,188.0,160.0,223.0,237.0,163.0,238.0,240.0,270.0,309.0
226,205.0,288.0,233.0,202.0,222.0,255.0,189.0,227.0,283.0,160.0,181.0,287.0,191.0,285.0,190.0,250.0,163.0,289.0,146.0,238.0,231.0,215.0,239.0,244.0,162.0,185.0,212.0,186.0,160.0,223.0,237.0,163.0,238.0,226.0,270.0,309.0
227,205.0,288.0,233.0,202.0,222.0,255.0,189.0,227.0,285.0,160.0,181.0,287.0,191.0,285.0,190.0,250.0,163.0,289.0,146.0,238.0,225.0,215.0,239.0,244.0,162.0,185.0,212.0,186.0,160.0,223.0,237.0,163.0,235.0,226.0,270.0,309.0
228,205.0,288.0,227.0,202.0,222.0,255.0,189.0,287.0,285.0,160.0,181.0,287.0,191.0,285.0,189.0,250.0,163.0,289.0,146.0,220.0,225.0,215.0,239.0,244.0,162.0,185.0,214.0,186.0,160.0,223.0,237.0,162.0,235.0,226.0,270.0,309.0
229,205.0,286.0,227.0,202.0,222.0,255.0,189.0,287.0,285.0,160.0,181.0,287.0,191.0,285.0,189.0,250.0,163.0,289.0,146.0,220.0,225.0,215.0,239.0,244.0,162.0,184.0,214.0,186.0,160.0,223.0,237.0,162.0,235.0,226.0,270.0,309.0
230,189.0,286.0,227.0,202.0,222.0,255.0,189.0,287.0,285.0,160.0,181.0,275.0,187.0,285.0,189.0,250.0,163.0,289.0,138.0,220.0,225.0,215.0,239.0,224.0,171.0,184.0,214.0,186.0,160.0,223.0,239.0,162.0,235.0,226.0,270.0,281.0
231,189.0,286.0,227.0,202.0,222.0,218.0,189.0,287.0,285.0,160.0,181.0,275.0,187.0,285.0,189.0,250.0,163.0,287.0,138.0,220.0,225.0,215.0,239.0,224.0,171.0,184.0,214.0,186.0,160.0,247.0,239.0,162.0,235.0,226.0,270.0,281.0
232,189.0,286.0,227.0,202.0,230.0,218.0,189.0,287.0,285.0,160.0,179.0,275.0,187.0,285.0,189.0,250.0,177.0,287.0,138.0,220.0,225.0,215.0,241.0,224.0,171.0,184.0,214.0,186.0,161.0,247.0,239.0,162.0,235.0,226.0,253.0,281.0
233,189.0,286.0,227.0,212.0,230.0,218.0,189.0,287.0,285.0,159.0,179.0,275.0,187.0,285.0,189.0,249.0,177.0,287.0,138.0,220.0,225.0,221.0,241.0,224.0,171.0,184.0,214.0,201.0,161.0,247.0,239.0,162.0,235.0,226.0,253.0,281.0
234,189.0,286.0,227.0,212.0,230.0,218.0,189.0,287.0,282.0,159.0,179.0,275.0,187.0,285.0,189.0,249.0,177.0,287.0,138.0,220.0,229.0,221.0,241.0,224.0,171.0,184.0,214.0,201.0,161.0,247.0,239.0,162.0,284.0,226.0,253.0,281.0
235,189.0,286.0,229.0,212.0,230.0,218.0,189.0,294.0,282.0,159.0,179.0,275.0,187.0,285.0,184.0,249.0,177.0,287.0,138.0,189.0,229.0,221.0,241.0,224.0,171.0,184.0,187.0,201.0,161.0,247.0,239.0,159.0,284.0,226.0,253.0,281.0
236,189.0,280.0,229.0,212.0,230.0,218.0,189.0,294.0,282.0,159.0,179.0,275.0,187.0,288.0,184.0,249.0,177.0,287.0,138.0,189.0,229.0,221.0,241.0,224.0,171.0,184.0,187.0,201.0,161.0,247.0,239.0,159.0,284.0,226.0,253.0,281.0
237,186.0,280.0,229.0,212.0,230.0,218.0,186.0,294.0,282.0,159.0,179.0,284.0,187.0,288.0,184.0,249.0,177.0,287.0,141.0,189.0,229.0,221.0,241.0,207.0,177.0,184.0,187.0,201.0,161.0,247.0,250.0,159.0,284.0,226.0,253.0,281.0
238,186.0,280.0,229.0,212.0,230.0,195.0,186.0,294.0,282.0,159.0,179.0,284.0,187.0,288.0,184.0,249.0,177.0,286.0,141.0,189.0,229.0,221.0,241.0,207.0,177.0,184.0,187.0,201.0,161.0,284.0,250.0,159.0,284.0,226.0,253.0,281.0
239,186.0,280.0,229.0,212.0,224.0,195.0,186.0,294.0,282.0,159.0,179.0,284.0,187.0,288.0,184.0,249.0,180.0,286.0,141.0,189.0,229.0,221.0,221.0,207.0,177.0,184.0,187.0,201.0,165.0,284.0,250.0,159.0,284.0,226.0,250.0,281.0
240,186.0,280.0,229.0,185.0,224.0,195.0,186.0,294.0,282.0,162.0,179.0,284.0,187.0,288.0,184.0,254.0,180.0,286.0,141.0,189.0,229.0,223.0,221.0,207.0,177.0,184.0,187.0,241.0,165.0,284.0,250.0,159.0,284.0,220.0,250.0,281.0
241,186.0,280.0,229.0,185.0,224.0,195.0,186.0,294.0,284.0,162.0,179.0,284.0,187.0,288.0,184.0,254.0,180.0,286.0,141.0,189.0,224.0,223.0,221.0,207.0,177.0,184.0,187.0,241.0,165.0,284.0,250.0,159.0,287.0,220.0,250.0,281.0
242,186.0,280.0,241.0,185.0,224.0,195.0,186.0,194.0,284.0,162.0,179.0,284.0,187.0,288.0,187.0,254.0,180.0,286.0,141.0,184.0,224.0,223.0,221.0,207.0,177.0,184.0,178.0,241.0,165.0,284.0,250.0,156.0,287.0,220.0,250.0,281.0
243,186.0,280.0,241.0,185.0,224.0,195.0,186.0,194.0,284.0,162.0,179.0,284.0,187.0,286.0,187.0,254.0,180.0,286.0,141.0,184.0,224.0,223.0,221.0,207.0,177.0,186.0,178.0,241.0,165.0,284.0,250.0,156.0,287.0,220.0,250.0,281.0
244,189.0,280.0,241.0,185.0,224.0,195.0,186.0,194.0,284.0,162.0,179.0,281.0,189.0,286.0,187.0,254.0,180.0,286.0,154.0,184.0,224.0,223.0,221.0,200.0,183.0,186.0,178.0,241.0,165.0,284.0,228.0,156.0,287.0,220.0,250.0,282.0
245,189.0,280.0,241.0,185.0,224.0,188.0,186.0,194.0,284.0,162.0,179.0,281.0,189.0,286.0,187.0,254.0,180.0,277.0,154.0,184.0,224.0,223.0,221.0,200.0,183.0,186.0,178.0,241.0,165.0,283.0,228.0,156.0,287.0,220.0,250.0,282.0
246,189.0,280.0,241.0,185.0,247.0,188.0,186.0,194.0,284.0,162.0,179.0,281.0,189.0,286.0,187.0,254.0,187.0,277.0,154.0,184.0,224.0,223.0,233.0,200.0,183.0,186.0,178.0,241.0,167.0,283.0,228.0,156.0,287.0,220.0,250.0,282.0
247,189.0,280.0,241.0,176.0,247.0,188.0,186.0,194.0,284.0,161.0,179.0,281.0,189.0,286.0,187.0,258.0,187.0,277.0,154.0,184.0,224.0,284.0,233.0,200.0,183.0,186.0,178.0,230.0,167.0,283.0,228.0,156.0,287.0,210.0,250.0,282.0
248,189.0,280.0,241.0,176.0,247.0,188.0,186.0,194.0,280.0,161.0,179.0,281.0,189.0,286.0,187.0,258.0,187.0,277.0,154.0,184.0,223.0,284.0,233.0,200.0,183.0,186.0,178.0,230.0,167.0,283.0,228.0,156.0,288.0,210.0,250.0,282.0
249,189.0,280.0,233.0,176.0,247.0,188.0,186.0,182.0,280.0,161.0,179.0,281.0,189.0,286.0,187.0,258.0,187.0,277.0,154.0,184.0,223.0,284.0,233.0,200.0,183.0,186.0,177.0,230.0,167.0,283.0,228.0,160.0,288.0,210.0,250.0,282.0
250,189.0,263.0,233.0,176.0,247.0,188.0,186.0,182.0,280.0,161.0,179.0,281.0,189.0,276.0,187.0,258.0,187.0,277.0,154.0,184.0,223.0,284.0,233.0,200.0,183.0,182.0,177.0,230.0,167.0,283.0,228.0,160.0,288.0,210.0,250.0,282.0
251,186.0,263.0,233.0,176.0,247.0,188.0,187.0,182.0,280.0,161.0,179.0,283.0,175.0,276.0,187.0,258.0,187.0,277.0,173.0,184.0,223.0,284.0,233.0,212.0,181.0,182.0,177.0,230.0,167.0,283.0,203.0,160.0,288.0,210.0,250.0,280.0
252,186.0,263.0,233.0,176.0,247.0,215.0,187.0,182.0,280.0,161.0,179.0,283.0,175.0,276.0,187.0,258.0,187.0,274.0,173.0,184.0,223.0,284.0,233.0,212.0,181.0,182.0,177.0,230.0,167.0,263.0,203.0,160.0,288.0,210.0,250.0,280.0
253,186.0,263.0,233.0,176.0,224.0,215.0,187.0,182.0,280.0,161.0,178.0,283.0,175.0,276.0,187.0,258.0,177.0,274.0,173.0,184.0,223.0,284.0,216.0,212.0,181.0,182.0,177.0,230.0,172.0,263.0,203.0,160.0,288.0,210.0,248.0,280.0
254,186.0,263.0,233.0,195.0,224.0,215.0,187.0,182.0,280.0,168.0,178.0,283.0,175.0,276.0,187.0,260.0,177.0,274.0,173.0,184.0,223.0,262.0,216.0,212.0,181.0,182.0,177.0,184.0,172.0,263.0,203.0,160.0,288.0,203.0,248.0,280.0
255,186.0,263.0,233.0,195.0,224.0,215.0,187.0,182.0,280.0,168.0,178.0,283.0,175.0,276.0,187.0,260.0,177.0,274.0,173.0,184.0,216.0,262.0,216.0,212.0,181.0,182.0,177.0,184.0,172.0,263.0,203.0,160.0,262.0,203.0,248.0,280.0
256,186.0,263.0,251.0,195.0,224.0,215.0,187.0,192.0,280.0,168.0,178.0,283.0,175.0,276.0,211.0,260.0,177.0,274.0,173.0,201.0,216.0,262.0,216.0,212.0,181.0,182.0,179.0,184.0,172.0,263.0,203.0,152.0,262.0,203.0,248.0,280.0
257,186.0,255.0,251.0,195.0,224.0,215.0,187.0,192.0,280.0,168.0,178.0,283.0,175.0,253.0,211.0,260.0,177.0,274.0,173.0,201.0,216.0,262.0,216.0,212.0,181.0,182.0,179.0,184.0,172.0,263.0,203.0,152.0,262.0,203.0,248.0,280.0
258,182.0,255.0,251.0,195.0,224.0,215.0,185.0,192.0,280.0,168.0,178.0,281.0,162.0,253.0,211.0,260.0,177.0,274.0,180.0,201.0,216.0,262.0,216.0,180.0,181.0,182.0,179.0,184.0,172.0,263.0,196.0,152.0,262.0,203.0,248.0,271.0
259,182.0,255.0,251.0,195.0,224.0,194.0,185.0,192.0,280.0,168.0,178.0,281.0,162.0,253.0,211.0,260.0,177.0,259.0,180.0,201.0,216.0,262.0,216.0,180.0,181.0,182.0,179.0,184.0,172.0,234.0,196.0,152.0,262.0,203.0,248.0,271.0
260,182.0,255.0,251.0,195.0,219.0,194.0,185.0,192.0,280.0,168.0,174.0,281.0,162.0,253.0,211.0,260.0,181.0,259.0,180.0,201.0,216.0,262.0,195.0,180.0,181.0,182.0,179.0,184.0,186.0,234.0,196.0,152.0,262.0,203.0,236.0,271.0
261,182.0,255.0,251.0,171.0,219.0,194.0,185.0,192.0,280.0,167.0,174.0,281.0,162.0,253.0,211.0,231.0,181.0,259.0,180.0,201.0,216.0,300.0,195.0,180.0,181.0,182.0,179.0,180.0,186.0,234.0,196.0,152.0,262.0,176.0,236.0,271.0
262,182.0,255.0,251.0,171.0,219.0,194.0,185.0,192.0,267.0,167.0,174.0,281.0,162.0,253.0,211.0,231.0,181.0,259.0,180.0,201.0,184.0,300.0,195.0,180.0,181.0,182.0,179.0,180.0,186.0,234.0,196.0,152.0,271.0,176.0,236.0,271.0
263,182.0,255.0,244.0,171.0,219.0,194.0,185.0,171.0,267.0,167.0,174.0,281.0,162.0,253.0,200.0,231.0,181.0,259.0,180.0,201.0,184.0,300.0,195.0,180.0,181.0,182.0,179.0,180.0,186.0,234.0,196.0,151.0,271.0,176.0,236.0,271.0
264,182.0,245.0,244.0,171.0,219.0,194.0,185.0,171.0,267.0,167.0,174.0,281.0,162.0,243.0,200.0,231.0,181.0,259.0,180.0,201.0,184.0,300.0,195.0,180.0,181.0,175.0,179.0,180.0,186.0,234.0,196.0,151.0,271.0,176.0,236.0,271.0
265,179.0,245.0,244.0,171.0,219.0,194.0,181.0,171.0,267.0,167.0,174.0,268.0,154.0,243.0,200.0,231.0,181.0,259.0,173.0,201.0,184.0,300.0,195.0,176.0,180.0,175.0,179.0,180.0,186.0,234.0,198.0,151.0,271.0,176.0,236.0,248.0
266,179.0,245.0,244.0,171.0,219.0,183.0,181.0,171.0,267.0,167.0,174.0,268.0,154.0,243.0,200.0,231.0,181.0,250.0,173.0,201.0,184.0,300.0,195.0,176.0,180.0,175.0,179.0,180.0,186.0,236.0,198.0,151.0,271.0,176.0,236.0,248.0
267,179.0,245.0,244.0,171.0,225.0,183.0,181.0,171.0,267.0,167.0,150.0,268.0,154.0,243.0,200.0,231.0,191.0,250.0,173.0,201.0,184.0,300.0,201.0,176.0,180.0,175.0,179.0,180.0,167.0,236.0,198.0,151.0,271.0,176.0,236.0,248.0
268,179.0,245.0,244.0,182.0,225.0,183.0,181.0,171.0,267.0,165.0,150.0,268.0,154.0,243.0,200.0,220.0,191.0,250.0,173.0,201.0,184.0,300.0,201.0,176.0,180.0,175.0,179.0,181.0,167.0,236.0,198.0,151.0,271.0,173.0,236.0,248.0
269,179.0,245.0,244.0,182.0,225.0,183.0,181.0,171.0,246.0,165.0,150.0,268.0,154.0,243.0,200.0,220.0,191.0,250.0,173.0,201.0,231.0,300.0,201.0,176.0,180.0,175.0,179.0,181.0,167.0,236.0,198.0,151.0,218.0,173.0,236.0,248.0
270,179.0,245.0,233.0,182.0,225.0,183.0,181.0,197.0,246.0,165.0,150.0,268.0,154.0,243.0,231.0,220.0,191.0,250.0,173.0,184.0,231.0,300.0,201.0,176.0,180.0,175.0,175.0,181.0,167.0,236.0,198.0,147.0,218.0,173.0,236.0,248.0
271,179.0,246.0,233.0,182.0,225.0,183.0,181.0,197.0,246.0,165.0,150.0,268.0,154.0,244.0,231.0,220.0,191.0,250.0,173.0,184.0,231.0,300.0,201.0,176.0,180.0,176.0,175.0,181.0,167.0,236.0,198.0,147.0,218.0,173.0,236.0,248.0
272,175.0,246.0,233.0,182.0,225.0,183.0,187.0,197.0,246.0,165.0,150.0,254.0,164.0,244.0,231.0,220.0,191.0,250.0,176.0,184.0,231.0,300.0,201.0,178.0,183.0,176.0,175.0,181.0,167.0,236.0,169.0,147.0,218.0,173.0,236.0,240.0
273,175.0,246.0,233.0,182.0,225.0,226.0,187.0,197.0,246.0,165.0,150.0,254.0,164.0,244.0,231.0,220.0,191.0,238.0,176.0,184.0,231.0,300.0,201.0,178.0,183.0,176.0,175.0,181.0,167.0,230.0,169.0,147.0,218.0,173.0,236.0,240.0
274,175.0,246.0,233.0,182.0,226.0,226.0,187.0,197.0,246.0,165.0,149.0,254.0,164.0,244.0,231.0,220.0,190.0,238.0,176.0,184.0,231.0,300.0,213.0,178.0,183.0,176.0,175.0,181.0,176.0,230.0,169.0,147.0,218.0,173.0,238.0,240.0
275,175.0,246.0,233.0,197.0,226.0,226.0,187.0,197.0,246.0,160.0,149.0,254.0,164.0,244.0,231.0,208.0,190.0,238.0,176.0,184.0,231.0,278.0,213.0,178.0,183.0,176.0,175.0,186.0,176.0,230.0,169.0,147.0,218.0,204.0,238.0,240.0
276,175.0,246.0,233.0,197.0,226.0,226.0,187.0,197.0,248.0,160.0,149.0,254.0,164.0,244.0,231.0,208.0,190.0,238.0,176.0,184.0,176.0,278.0,213.0,178.0,183.0,176.0,175.0,186.0,176.0,230.0,169.0,147.0,201.0,204.0,238.0,240.0
277,175.0,246.0,235.0,197.0,226.0,226.0,187.0,252.0,248.0,160.0,149.0,254.0,164.0,244.0,294.0,208.0,190.0,238.0,176.0,180.0,176.0,278.0,213.0,178.0,183.0,176.0,174.0,186.0,176.0,230.0,169.0,145.0,201.0,204.0,238.0,240.0
278,175.0,249.0,235.0,197.0,226.0,226.0,187.0,252.0,248.0,160.0,149.0,254.0,164.0,247.0,294.0,208.0,190.0,238.0,176.0,180.0,176.0,278.0,213.0,178.0,183.0,178.0,174.0,186.0,176.0,230.0,169.0,145.0,201.0,204.0,238.0,240.0
279,170.0,249.0,235.0,197.0,226.0,226.0,177.0,252.0,248.0,160.0,149.0,250.0,176.0,247.0,294.0,208.0,190.0,238.0,182.0,180.0,176.0,278.0,213.0,178.0,185.0,178.0,174.0,186.0,176.0,230.0,189.0,145.0,201.0,204.0,238.0,242.0
280,170.0,249.0,235.0,197.0,226.0,228.0,177.0,252.0,248.0,160.0,149.0,250.0,176.0,247.0,294.0,208.0,190.0,245.0,182.0,180.0,176.0,278.0,213.0,178.0,185.0,178.0,174.0,186.0,176.0,206.0,189.0,145.0,201.0,204.0,238.0,242.0
281,170.0,249.0,235.0,197.0,224.0,228.0,177.0,252.0,248.0,160.0,143.0,250.0,176.0,247.0,294.0,208.0,188.0,245.0,182.0,180.0,176.0,278.0,212.0,178.0,185.0,178.0,174.0,186.0,172.0,206.0,189.0,145.0,201.0,204.0,258.0,242.0
282,170.0,249.0,235.0,214.0,224.0,228.0,177.0,252.0,248.0,156.0,143.0,250.0,176.0,247.0,294.0,211.0,188.0,245.0,182.0,180.0,176.0,279.0,212.0,178.0,185.0,178.0,174.0,212.0,172.0,206.0,189.0,145.0,201.0,186.0,258.0,242.0
283,170.0,249.0,235.0,214.0,224.0,228.0,177.0,252.0,250.0,156.0,143.0,250.0,176.0,247.0,294.0,211.0,188.0,245.0,182.0,180.0,168.0,279.0,212.0,178.0,185.0,178.0,174.0,212.0,172.0,206.0,189.0,145.0,219.0,186.0,258.0,242.0
284,170.0,249.0,250.0,214.0,224.0,228.0,177.0,253.0,250.0,156.0,143.0,250.0,176.0,247.0,290.0,211.0,188.0,245.0,182.0,181.0,168.0,279.0,212.0,178.0,185.0,178.0,174.0,212.0,172.0,206.0,189.0,173.0,219.0,186.0,258.0,242.0
285,170.0,267.0,250.0,214.0,224.0,228.0,177.0,253.0,250.0,156.0,143.0,250.0,176.0,213.0,290.0,211.0,188.0,245.0,182.0,181.0,168.0,279.0,212.0,178.0,185.0,178.0,174.0,212.0,172.0,206.0,189.0,173.0,219.0,186.0,258.0,242.0
286,169.0,267.0,250.0,214.0,224.0,228.0,176.0,253.0,250.0,156.0,143.0,243.0,172.0,213.0,290.0,211.0,188.0,245.0,179.0,181.0,168.0,279.0,212.0,179.0,181.0,178.0,174.0,212.0,172.0,206.0,221.0,173.0,219.0,186.0,258.0,254.0
287,169.0,267.0,250.0,214.0,224.0,187.0,176.0,253.0,250.0,156.0,143.0,243.0,172.0,213.0,290.0,211.0,188.0,230.0,179.0,181.0,168.0,279.0,212.0,179.0,181.0,178.0,174.0,212.0,172.0,203.0,221.0,173.0,219.0,186.0,258.0,254.0
288,169.0,267.0,250.0,214.0,224.0,187.0,176.0,253.0,250.0,156.0,139.0,243.0,172.0,213.0,290.0,211.0,216.0,230.0,179.0,181.0,168.0,279.0,248.0,179.0,181.0,178.0,174.0,212.0,171.0,203.0,221.0,173.0,219.0,186.0,296.0,254.0
289,169.0,267.0,250.0,210.0,224.0,187.0,176.0,253.0,250.0,159.0,139.0,243.0,172.0,213.0,290.0,211.0,216.0,230.0,179.0,181.0,168.0,273.0,248.0,179.0,181.0,178.0,174.0,234.0,171.0,203.0,221.0,173.0,219.0,176.0,296.0,254.0
290,169.0,267.0,250.0,210.0,224.0,187.0,176.0,253.0,242.0,159.0,139.0,243.0,172.0,213.0,290.0,211.0,216.0,230.0,179.0,181.0,185.0,273.0,248.0,179.0,181.0,178.0,174.0,234.0,171.0,203.0,221.0,173.0,207.0,176.0,296.0,254.0
291,169.0,267.0,260.0,210.0,224.0,187.0,176.0,252.0,242.0,159.0,139.0,243.0,172.0,213.0,281.0,211.0,216.0,230.0,179.0,179.0,185.0,273.0,248.0,179.0,181.0,178.0,181.0,234.0,171.0,203.0,221.0,185.0,207.0,176.0,296.0,254.0
292,169.0,315.0,260.0,210.0,224.0,187.0,176.0,252.0,242.0,159.0,139.0,243.0,172.0,187.0,281.0,211.0,216.0,230.0,179.0,179.0,185.0,273.0,248.0,179.0,181.0,184.0,181.0,234.0,171.0,203.0,221.0,185.0,207.0,176.0,296.0,254.0
293,169.0,315.0,260.0,210.0,224.0,187.0,186.0,252.0,242.0,159.0,139.0,262.0,179.0,187.0,281.0,211.0,216.0,230.0,177.0,179.0,185.0,273.0,248.0,176.0,157.0,184.0,181.0,234.0,171.0,203.0,226.0,185.0,207.0,176.0,296.0,267.0
294,169.0,315.0,260.0,210.0,224.0,184.0,186.0,252.0,242.0,159.0,139.0,262.0,179.0,187.0,281.0,211.0,216.0,206.0,177.0,179.0,185.0,273.0,248.0,176.0,157.0,184.0,181.0,234.0,171.0,212.0,226.0,185.0,207.0,176.0,296.0,267.0
295,169.0,315.0,260.0,210.0,212.0,184.0,186.0,252.0,242.0,159.0,134.0,262.0,179.0,187.0,281.0,211.0,259.0,206.0,177.0,179.0,185.0,273.0,235.0,176.0,157.0,184.0,181.0,234.0,175.0,212.0,226.0,185.0,207.0,176.0,328.0,267.0
296,169.0,315.0,260.0,206.0,212.0,184.0,186.0,252.0,242.0,157.0,134.0,262.0,179.0,187.0,281.0,209.0,259.0,206.0,177.0,179.0,185.0,259.0,235.0,176.0,157.0,184.0,181.0,230.0,175.0,212.0,226.0,185.0,207.0,179.0,328.0,267.0
297,169.0,315.0,260.0,206.0,212.0,184.0,186.0,252.0,250.0,157.0,134.0,262.0,179.0,187.0,281.0,209.0,259.0,206.0,177.0,179.0,245.0,259.0,235.0,176.0,157.0,184.0,181.0,230.0,175.0,212.0,226.0,185.0,191.0,179.0,328.0,267.0
298,169.0,315.0,252.0,206.0,212.0,184.0,186.0,277.0,250.0,157.0,134.0,262.0,179.0,187.0,285.0,209.0,259.0,206.0,177.0,185.0,245.0,259.0,235.0,176.0,157.0,184.0,190.0,230.0,175.0,212.0,226.0,173.0,191.0,179.0,328.0,267.0
299,169.0,387.0,252.0,206.0,212.0,184.0,186.0,277.0,250.0,157.0,134.0,262.0,179.0,192.0,285.0,209.0,259.0,206.0,177.0,185.0,245.0,259.0,235.0,176.0,157.0,188.0,190.0,230.0,175.0,212.0,226.0,173.0,191.0,179.0,328.0,267.0
300,166.0,387.0,252.0,206.0,212.0,184.0,188.0,277.0,250.0,157.0,134.0,285.0,171.0,192.0,285.0,209.0,259.0,206.0,178.0,185.0,245.0,259.0,235.0,176.0,152.0,188.0,190.0,230.0,175.0,212.0,234.0,173.0,191.0,179.0,328.0,285.0
301,166.0,387.0,252.0,206.0,212.0,179.0,188.0,277.0,250.0,157.0,134.0,285.0,171.0,192.0,285.0,209.0,259.0,221.0,178.0,185.0,245.0,259.0,235.0,176.0,152.0,188.0,190.0,230.0,175.0,224.0,234.0,173.0,191.0,179.0,328.0,285.0
302,166.0,387.0,252.0,206.0,202.0,179.0,188.0,277.0,250.0,157.0,133.0,285.0,171.0,192.0,285.0,209.0,161.0,221.0,178.0,185.0,245.0,259.0,241.0,176.0,152.0,188.0,190.0,230.0,189.0,224.0,234.0,173.0,191.0,179.0,364.0,285.0
303,166.0,387.0,252.0,205.0,202.0,179.0,188.0,277.0,250.0,148.0,133.0,285.0,171.0,192.0,285.0,203.0,161.0,221.0,178.0,185.0,245.0,264.0,241.0,176.0,152.0,188.0,190.0,217.0,189.0,224.0,234.0,173.0,191.0,184.0,364.0,285.0
304,166.0,387.0,252.0,205.0,202.0,179.0,188.0,277.0,283.0,148.0,133.0,285.0,171.0,192.0,285.0,203.0,161.0,221.0,178.0,185.0,231.0,264.0,241.0,176.0,152.0,188.0,190.0,217.0,189.0,224.0,234.0,173.0,229.0,184.0,364.0,285.0
305,166.0,387.0,229.0,205.0,202.0,179.0,188.0,272.0,283.0,148.0,133.0,285.0,171.0,192.0,273.0,203.0,161.0,221.0,178.0,181.0,231.0,264.0,241.0,176.0,152.0,188.0,189.0,217.0,189.0,224.0,234.0,197.0,229.0,184.0,364.0,285.0
306,166.0,395.0,229.0,205.0,202.0,179.0,188.0,272.0,283.0,148.0,133.0,285.0,171.0,198.0,273.0,203.0,161.0,221.0,178.0,181.0,231.0,264.0,241.0,176.0,152.0,190.0,189.0,217.0,189.0,224.0,234.0,197.0,229.0,184.0,364.0,285.0
307,167.0,395.0,229.0,205.0,202.0,179.0,182.0,272.0,283.0,148.0,133.0,305.0,160.0,198.0,273.0,203.0,161.0,221.0,177.0,181.0,231.0,264.0,241.0,171.0,150.0,190.0,189.0,217.0,189.0,224.0,223.0,197.0,229.0,184.0,364.0,298.0
308,167.0,395.0,229.0,205.0,202.0,190.0,182.0,272.0,283.0,148.0,133.0,305.0,160.0,198.0,273.0,203.0,161.0,246.0,177.0,181.0,231.0,264.0,241.0,171.0,150.0,190.0,189.0,217.0,189.0,236.0,223.0,197.0,229.0,184.0,364.0,298.0
309,167.0,395.0,229.0,205.0,197.0,190.0,182.0,272.0,283.0,148.0,144.0,305.0,160.0,198.0,273.0,203.0,242.0,246.0,177.0,181.0,231.0,264.0,246.0,171.0,150.0,190.0,189.0,217.0,227.0,236.0,223.0,197.0,229.0,184.0,364.0,298.0
310,167.0,395.0,229.0,196.0,197.0,190.0,182.0,272.0,283.0,145.0,144.0,305.0,160.0,198.0,273.0,213.0,242.0,246.0,177.0,181.0,231.0,288.0,246.0,171.0,150.0,190.0,189.0,197.0,227.0,236.0,223.0,197.0,229.0,208.0,364.0,298.0
311,167.0,395.0,229.0,196.0,197.0,190.0,182.0,272.0,282.0,145.0,144.0,305.0,160.0,198.0,273.0,213.0,242.0,246.0,177.0,181.0,226.0,288.0,246.0,171.0,150.0,190.0,189.0,197.0,227.0,236.0,223.0,197.0,233.0,208.0,364.0,298.0
312,167.0,395.0,213.0,196.0,197.0,190.0,182.0,345.0,282.0,145.0,144.0,305.0,160.0,198.0,301.0,213.0,242.0,246.0,177.0,200.0,226.0,288.0,246.0,171.0,150.0,190.0,197.0,197.0,227.0,236.0,223.0,228.0,233.0,208.0,364.0,298.0
313,167.0,380.0,213.0,196.0,197.0,190.0,182.0,345.0,282.0,145.0,144.0,305.0,160.0,203.0,301.0,213.0,242.0,246.0,177.0,200.0,226.0,288.0,246.0,171.0,150.0,204.0,197.0,197.0,227.0,236.0,223.0,228.0,233.0,208.0,364.0,298.0
314,189.0,380.0,213.0,196.0,197.0,190.0,178.0,345.0,282.0,145.0,144.0,298.0,178.0,203.0,301.0,213.0,242.0,246.0,181.0,200.0,226.0,288.0,246.0,176.0,149.0,204.0,197.0,197.0,227.0,236.0,206.0,228.0,233.0,208.0,364.0,273.0
315,189.0,380.0,213.0,196.0,197.0,278.0,178.0,345.0,282.0,145.0,144.0,298.0,178.0,203.0,301.0,213.0,242.0,256.0,181.0,200.0,226.0,288.0,246.0,176.0,149.0,204.0,197.0,197.0,227.0,246.0,206.0,228.0,233.0,208.0,364.0,273.0
316,189.0,380.0,213.0,196.0,221.0,278.0,178.0,345.0,282.0,145.0,181.0,298.0,178.0,203.0,301.0,213.0,236.0,256.0,181.0,200.0,226.0,288.0,260.0,176.0,149.0,204.0,197.0,197.0,274.0,246.0,206.0,228.0,233.0,208.0,386.0,273.0
317,189.0,380.0,213.0,200.0,221.0,278.0,178.0,345.0,282.0,150.0,181.0,298.0,178.0,203.0,301.0,218.0,236.0,256.0,181.0,200.0,226.0,298.0,260.0,176.0,149.0,204.0,197.0,188.0,274.0,246.0,206.0,228.0,233.0,219.0,386.0,273.0
318,189.0,380.0,213.0,200.0,221.0,278.0,178.0,345.0,298.0,150.0,181.0,298.0,178.0,203.0,301.0,218.0,236.0,256.0,181.0,200.0,227.0,298.0,260.0,176.0,149.0,204.0,197.0,188.0,274.0,246.0,206.0,228.0,276.0,219.0,386.0,273.0
319,189.0,380.0,213.0,200.0,221.0,278.0,178.0,389.0,298.0,150.0,181.0,298.0,178.0,203.0,355.0,218.0,236.0,256.0,181.0,254.0,227.0,298.0,260.0,176.0,149.0,204.0,205.0,188.0,274.0,246.0,206.0,250.0,276.0,219.0,386.0,273.0
320,189.0,393.0,213.0,200.0,221.0,278.0,178.0,389.0,298.0,150.0,181.0,298.0,178.0,241.0,355.0,218.0,236.0,256.0,181.0,254.0,227.0,298.0,260.0,176.0,149.0,221.0,205.0,188.0,274.0,246.0,206.0,250.0,276.0,219.0,386.0,273.0
321,213.0,393.0,213.0,200.0,221.0,278.0,208.0,389.0,298.0,150.0,181.0,314.0,200.0,241.0,355.0,218.0,236.0,256.0,200.0,254.0,227.0,298.0,260.0,176.0,172.0,221.0,205.0,188.0,274.0,246.0,195.0,250.0,276.0,219.0,386.0,308.0
322,213.0,393.0,213.0,200.0,221.0,374.0,208.0,389.0,298.0,150.0,181.0,314.0,200.0,241.0,355.0,218.0,236.0,287.0,200.0,254.0,227.0,298.0,260.0,176.0,172.0,221.0,205.0,188.0,274.0,261.0,195.0,250.0,276.0,219.0,386.0,308.0
323,213.0,393.0,213.0,200.0,236.0,374.0,208.0,389.0,298.0,150.0,206.0,314.0,200.0,241.0,355.0,218.0,248.0,287.0,200.0,254.0,227.0,298.0,290.0,176.0,172.0,221.0,205.0,188.0,312.0,261.0,195.0,250.0,276.0,219.0,382.0,308.0
324,213.0,393.0,213.0,220.0,236.0,374.0,208.0,389.0,298.0,165.0,206.0,314.0,200.0,241.0,355.0,229.0,248.0,287.0,200.0,254.0,227.0,292.0,290.0,176.0,172.0,221.0,205.0,222.0,312.0,261.0,195.0,250.0,276.0,297.0,382.0,308.0
325,213.0,393.0,213.0,220.0,236.0,374.0,208.0,389.0,322.0,165.0,206.0,314.0,200.0,241.0,355.0,229.0,248.0,287.0,200.0,254.0,256.0,292.0,290.0,176.0,172.0,221.0,205.0,222.0,312.0,261.0,195.0,250.0,311.0,297.0,382.0,308.0
326,213.0,393.0,234.0,220.0,236.0,374.0,208.0,383.0,322.0,165.0,206.0,314.0,200.0,241.0,402.0,229.0,248.0,287.0,200.0,327.0,256.0,292.0,290.0,176.0,172.0,221.0,216.0,222.0,312.0,261.0,195.0,274.0,311.0,297.0,382.0,308.0
327,213.0,399.0,234.0,220.0,236.0,374.0,208.0,383.0,322.0,165.0,206.0,314.0,200.0,272.0,402.0,229.0,248.0,287.0,200.0,327.0,256.0,292.0,290.0,176.0,172.0,295.0,216.0,222.0,312.0,261.0,195.0,274.0,311.0,297.0,382.0,308.0
328,225.0,399.0,234.0,220.0,236.0,374.0,221.0,383.0,322.0,165.0,206.0,352.0,250.0,272.0,402.0,229.0,248.0,287.0,235.0,327.0,256.0,292.0,290.0,208.0,171.0,295.0,216.0,222.0,312.0,261.0,211.0,274.0,311.0,297.0,382.0,358.0
329,225.0,399.0,234.0,220.0,236.0,416.0,221.0,383.0,322.0,165.0,206.0,352.0,250.0,272.0,402.0,229.0,248.0,320.0,235.0,327.0,256.0,292.0,290.0,208.0,171.0,295.0,216.0,222.0,312.0,283.0,211.0,274.0,311.0,297.0,382.0,358.0
330,225.0,399.0,234.0,220.0,275.0,416.0,221.0,383.0,322.0,165.0,243.0,352.0,250.0,272.0,402.0,229.0,268.0,320.0,235.0,327.0,256.0,292.0,328.0,208.0,171.0,295.0,216.0,222.0,421.0,283.0,211.0,274.0,311.0,297.0,421.0,358.0
331,225.0,399.0,234.0,268.0,275.0,416.0,221.0,383.0,322.0,184.0,243.0,352.0,250.0,272.0,402.0,239.0,268.0,320.0,235.0,327.0,256.0,333.0,328.0,208.0,171.0,295.0,216.0,304.0,421.0,283.0,211.0,274.0,311.0,341.0,421.0,358.0
332,225.0,399.0,234.0,268.0,275.0,416.0,221.0,383.0,382.0,184.0,243.0,352.0,250.0,272.0,402.0,239.0,268.0,320.0,235.0,327.0,317.0,333.0,328.0,208.0,171.0,295.0,216.0,304.0,421.0,283.0,211.0,274.0,316.0,341.0,421.0,358.0
333,225.0,399.0,251.0,268.0,275.0,416.0,221.0,368.0,382.0,184.0,243.0,352.0,250.0,272.0,398.0,239.0,268.0,320.0,235.0,336.0,317.0,333.0,328.0,208.0,171.0,295.0,308.0,304.0,421.0,283.0,211.0,308.0,316.0,341.0,421.0,358.0
334,225.0,436.0,251.0,268.0,275.0,416.0,221.0,368.0,382.0,184.0,243.0,352.0,250.0,321.0,398.0,239.0,268.0,320.0,235.0,336.0,317.0,333.0,328.0,208.0,171.0,386.0,308.0,304.0,421.0,283.0,211.0,308.0,316.0,341.0,421.0,358.0
335,240.0,436.0,251.0,268.0,275.0,416.0,220.0,368.0,382.0,184.0,243.0,358.0,284.0,321.0,398.0,239.0,268.0,320.0,280.0,336.0,317.0,333.0,328.0,251.0,165.0,386.0,308.0,304.0,421.0,283.0,234.0,308.0,316.0,341.0,421.0,372.0
336,240.0,436.0,251.0,268.0,275.0,463.0,220.0,368.0,382.0,184.0,243.0,358.0,284.0,321.0,398.0,239.0,268.0,314.0,280.0,336.0,317.0,333.0,328.0,251.0,165.0,386.0,308.0,304.0,421.0,305.0,234.0,308.0,316.0,341.0,421.0,372.0
337,240.0,436.0,251.0,268.0,274.0,463.0,220.0,368.0,382.0,184.0,284.0,358.0,284.0,321.0,398.0,239.0,260.0,314.0,280.0,336.0,317.0,333.0,443.0,251.0,165.0,386.0,308.0,304.0,463.0,305.0,234.0,308.0,316.0,341.0,431.0,372.0
338,240.0,436.0,251.0,312.0,274.0,463.0,220.0,368.0,382.0,228.0,284.0,358.0,284.0,321.0,398.0,235.0,260.0,314.0,280.0,336.0,317.0,333.0,443.0,251.0,165.0,386.0,308.0,393.0,463.0,305.0,234.0,308.0,316.0,463.0,431.0,372.0
339,240.0,436.0,251.0,312.0,274.0,463.0,220.0,368.0,406.0,228.0,284.0,358.0,284.0,321.0,398.0,235.0,260.0,314.0,280.0,336.0,341.0,333.0,443.0,251.0,165.0,386.0,308.0,393.0,463.0,305.0,234.0,308.0,351.0,463.0,431.0,372.0
340,240.0,436.0,240.0,312.0,274.0,463.0,220.0,405.0,406.0,228.0,284.0,358.0,284.0,321.0,378.0,235.0,260.0,314.0,280.0,447.0,341.0,333.0,443.0,251.0,165.0,386.0,346.0,393.0,463.0,305.0,234.0,343.0,351.0,463.0,431.0,372.0
341,240.0,468.0,240.0,312.0,274.0,463.0,220.0,405.0,406.0,228.0,284.0,358.0,284.0,348.0,378.0,235.0,260.0,314.0,280.0,447.0,341.0,333.0,443.0,251.0,165.0,468.0,346.0,393.0,463.0,305.0,234.0,343.0,351.0,463.0,431.0,372.0
342,246.0,468.0,240.0,312.0,274.0,463.0,219.0,405.0,406.0,228.0,284.0,379.0,335.0,348.0,378.0,235.0,260.0,314.0,261.0,447.0,341.0,333.0,443.0,290.0,190.0,468.0,346.0,393.0,463.0,305.0,264.0,343.0,351.0,463.0,431.0,370.0
343,246.0,468.0,240.0,312.0,274.0,384.0,219.0,405.0,406.0,228.0,284.0,379.0,335.0,348.0,378.0,235.0,260.0,314.0,261.0,447.0,341.0,333.0,443.0,290.0,190.0,468.0,346.0,393.0,463.0,300.0,264.0,343.0,351.0,463.0,431.0,370.0
344,246.0,468.0,240.0,312.0,290.0,384.0,219.0,405.0,406.0,228.0,452.0,379.0,335.0,348.0,378.0,235.0,348.0,314.0,261.0,447.0,341.0,333.0,461.0,290.0,190.0,468.0,346.0,393.0,500.0,300.0,264.0,343.0,351.0,463.0,425.0,370.0
345,246.0,468.0,240.0,424.0,290.0,384.0,219.0,405.0,406.0,230.0,452.0,379.0,335.0,348.0,378.0,260.0,348.0,314.0,261.0,447.0,341.0,313.0,461.0,290.0,190.0,468.0,346.0,440.0,500.0,300.0,264.0,343.0,351.0,475.0,425.0,370.0
346,246.0,468.0,240.0,424.0,290.0,384.0,219.0,405.0,441.0,230.0,452.0,379.0,335.0,348.0,378.0,260.0,348.0,314.0,261.0,447.0,381.0,313.0,461.0,290.0,190.0,468.0,346.0,440.0,500.0,300.0,264.0,343.0,376.0,475.0,425.0,370.0
347,246.0,468.0,273.0,424.0,290.0,384.0,219.0,432.0,441.0,230.0,452.0,379.0,335.0,348.0,371.0,260.0,348.0,314.0,261.0,453.0,381.0,313.0,461.0,290.0,190.0,468.0,401.0,440.0,500.0,300.0,264.0,310.0,376.0,475.0,425.0,370.0
348,246.0,474.0,273.0,424.0,290.0,384.0,219.0,432.0,441.0,230.0,452.0,379.0,335.0,363.0,371.0,260.0,348.0,314.0,261.0,453.0,381.0,313.0,461.0,290.0,190.0,482.0,401.0,440.0,500.0,300.0,264.0,310.0,376.0,475.0,425.0,370.0
349,231.0,474.0,273.0,424.0,290.0,384.0,218.0,432.0,441.0,230.0,452.0,414.0,379.0,363.0,371.0,260.0,348.0,314.0,255.0,453.0,381.0,313.0,461.0,307.0,191.0,482.0,401.0,440.0,500.0,300.0,254.0,310.0,376.0,475.0,425.0,369.0
350,231.0,474.0,273.0,424.0,290.0,353.0,218.0,432.0,441.0,230.0,452.0,414.0,379.0,363.0,371.0,260.0,348.0,339.0,255.0,453.0,381.0,313.0,461.0,307.0,191.0,482.0,401.0,440.0,500.0,326.0,254.0,310.0,376.0,475.0,425.0,369.0
351,231.0,474.0,273.0,424.0,304.0,353.0,218.0,432.0,441.0,230.0,490.0,414.0,379.0,363.0,371.0,260.0,425.0,339.0,255.0,453.0,381.0,313.0,483.0,307.0,191.0,482.0,401.0,440.0,498.0,326.0,254.0,310.0,376.0,475.0,391.0,369.0
352,231.0,474.0,273.0,468.0,304.0,353.0,218.0,432.0,441.0,422.0,490.0,414.0,379.0,363.0,371.0,278.0,425.0,339.0,255.0,453.0,381.0,362.0,483.0,307.0,191.0,482.0,401.0,484.0,498.0,326.0,254.0,310.0,376.0,466.0,391.0,369.0
353,231.0,474.0,273.0,468.0,304.0,353.0,218.0,432.0,450.0,422.0,490.0,414.0,379.0,363.0,371.0,278.0,425.0,339.0,255.0,453.0,381.0,362.0,483.0,307.0,191.0,482.0,401.0,484.0,498.0,326.0,254.0,310.0,426.0,466.0,391.0,369.0
354,231.0,474.0,304.0,468.0,304.0,353.0,218.0,462.0,450.0,422.0,490.0,414.0,379.0,363.0,363.0,278.0,425.0,339.0,255.0,499.0,381.0,362.0,483.0,307.0,191.0,482.0,439.0,484.0,498.0,326.0,254.0,280.0,426.0,466.0,391.0,369.0
355,231.0,470.0,304.0,468.0,304.0,353.0,218.0,462.0,450.0,422.0,490.0,414.0,379.0,353.0,363.0,278.0,425.0,339.0,255.0,499.0,381.0,362.0,483.0,307.0,191.0,491.0,439.0,484.0,498.0,326.0,254.0,280.0,426.0,466.0,391.0,369.0
356,276.0,470.0,304.0,468.0,304.0,353.0,235.0,462.0,450.0,422.0,490.0,423.0,393.0,353.0,363.0,278.0,425.0,339.0,217.0,499.0,381.0,362.0,483.0,315.0,197.0,491.0,439.0,484.0,498.0,326.0,299.0,280.0,426.0,466.0,391.0,396.0
357,276.0,470.0,304.0,468.0,304.0,361.0,235.0,462.0,450.0,422.0,490.0,423.0,393.0,353.0,363.0,278.0,425.0,420.0,217.0,499.0,381.0,362.0,483.0,315.0,197.0,491.0,439.0,484.0,498.0,327.0,299.0,280.0,426.0,466.0,391.0,396.0
358,276.0,470.0,304.0,468.0,515.0,361.0,235.0,462.0,450.0,422.0,487.0,423.0,393.0,353.0,363.0,278.0,444.0,420.0,217.0,499.0,381.0,362.0,457.0,315.0,197.0,491.0,439.0,484.0,488.0,327.0,299.0,280.0,426.0,466.0,416.0,396.0
359,276.0,470.0,304.0,515.0,515.0,361.0,235.0,462.0,450.0,468.0,487.0,423.0,393.0,353.0,363.0,302.0,444.0,420.0,217.0,499.0,381.0,357.0,457.0,315.0,197.0,491.0,439.0,463.0,488.0,327.0,299.0,280.0,426.0,460.0,416.0,396.0
360,276.0,470.0,304.0,515.0,515.0,361.0,235.0,462.0,475.0,468.0,487.0,423.0,393.0,353.0,363.0,302.0,444.0,420.0,217.0,499.0,408.0,357.0,457.0,315.0,197.0,491.0,439.0,463.0,488.0,327.0,299.0,280.0,526.0,460.0,416.0,396.0
361,276.0,470.0,352.0,515.0,515.0,361.0,235.0,471.0,475.0,468.0,487.0,423.0,393.0,353.0,375.0,302.0,444.0,420.0,217.0,510.0,408.0,357.0,457.0,315.0,197.0,491.0,414.0,463.0,488.0,327.0,299.0,291.0,526.0,460.0,416.0,396.0
362,276.0,476.0,352.0,515.0,515.0,361.0,235.0,471.0,475.0,468.0,487.0,423.0,393.0,346.0,375.0,302.0,444.0,420.0,217.0,510.0,408.0,357.0,457.0,315.0,197.0,494.0,414.0,463.0,488.0,327.0,299.0,291.0,526.0,460.0,416.0,396.0
363,297.0,476.0,352.0,515.0,515.0,361.0,265.0,471.0,475.0,468.0,487.0,460.0,437.0,346.0,375.0,302.0,444.0,420.0,208.0,510.0,408.0,357.0,457.0,306.0,198.0,494.0,414.0,463.0,488.0,327.0,299.0,291.0,526.0,460.0,416.0,408.0
364,297.0,476.0,352.0,515.0,515.0,311.0,265.0,471.0,475.0,468.0,487.0,460.0,437.0,346.0,375.0,302.0,444.0,467.0,208.0,510.0,408.0,357.0,457.0,306.0,198.0,494.0,414.0,463.0,488.0,305.0,299.0,291.0,526.0,460.0,416.0,408.0
365,297.0,476.0,352.0,515.0,519.0,311.0,265.0,471.0,475.0,468.0,501.0,460.0,437.0,346.0,375.0,302.0,416.0,467.0,208.0,510.0,408.0,357.0,434.0,306.0,198.0,494.0,414.0,463.0,443.0,305.0,299.0,291.0,526.0,460.0,476.0,408.0
